            1            1    2.126297724815431       -0.7602564578268391     
            1            2    1.427513359555031       -0.6373355712167584     
            1            3    1.122873277280073        0.4574051722161712     
            1            4    1.931091718606111         1.074310869664483     
            1            5    1.645060263713164        0.3800291365852229     
            1            6    1.672589590564842       -0.5026654382485095     
            1            7    1.714128622015454       -3.4525196528360703E-002
            1            8    2.114411743528667        0.8676519856370559     
            1            9    1.675295844492853        -1.442279206828945     
            1           10    1.373892165102654       -8.7654188564101634E-002
            2            1    2.134703125103000       -0.7495379978795316     
            2            2    1.428777176598807       -0.6387230682194064     
            2            3    1.123228761496781        0.4592114924614297     
            2            4    1.933517948032112         1.068729893724685     
            2            5    1.653934449135207        0.3818571806265401     
            2            6    1.658623648553665       -0.5029791395847701     
            2            7    1.715540879297035       -3.6308566187426831E-002
            2            8    2.109140221981622        0.8759541980647241     
            2            9    1.674893699097056        -1.441517343570402     
            2           10    1.373593729784869       -8.4297528722972762E-002
            3            1    2.143260900668141       -0.7386329184556965     
            3            2    1.430089317286950       -0.6401431381161455     
            3            3    1.123590237915612        0.4610373377530694     
            3            4    1.936017114946423         1.063087212422168     
            3            5    1.662953035752144        0.3833004771901194     
            3            6    1.644939106539359       -0.5024542954665635     
            3            7    1.717076173988576       -3.7914779948913409E-002
            3            8    2.103942707325315        0.8842286390876889     
            3            9    1.674496236843086        -1.440758168262273     
            3           10    1.373309638669887       -8.0938301682288258E-002
            4            1    2.151952962061477       -0.7275374851393643     
            4            2    1.431450189341958       -0.6415945812808967     
            4            3    1.123957784182281        0.4628826192066001     
            4            4    1.938590911533933         1.057381434425886     
            4            5    1.672111855232310        0.3843489158284881     
            4            6    1.631541014918216       -0.5011087359645375     
            4            7    1.718721429548405       -3.9329852625507915E-002
            4            8    2.098825349607178        0.8924747197219220     
            4            9    1.674103409784776        -1.440001624270722     
            4           10    1.373039900054162       -7.7576659732676079E-002
            5            1    2.160759435605653       -0.7162477575504091     
            5            2    1.432860200565258       -0.6430761198157039     
            5            3    1.124331452465269        0.4647472350340761     
            5            4    1.941241058656895         1.051611164286260     
            5            5    1.681406265202501        0.3849922911270697     
            5            6    1.618433009939796       -0.4989601065090841     
            5            7    1.720462927642865       -4.0541490538535840E-002
            5            8    2.093793811590505        0.9006914623029978     
            5            9    1.673715170806689        -1.439247655931499     
            5           10    1.372784506423308       -7.4212700072041254E-002
            6            1    2.169658841573551       -0.7047584961228992     
            6            2    1.434319790025663       -0.6445864631678987     
            6            3    1.124711310708619        0.4666310861179921     
            6            4    1.943969302329665         1.045775004815745     
            6            5    1.690830937218817        0.3852203470891855     
            6            6    1.605618206702866       -0.4960258294204586     
            6            7    1.722286082571570       -4.1539429719871901E-002
            6            8    2.088853097337720        0.9088775153064454     
            6            9    1.673331473608078        -1.438496208526065     
            6           10    1.372543477980316       -7.0846615825789910E-002
            7            1    2.178628339092777       -0.6930634525011035     
            7            2    1.435829335636665       -0.6461242597973426     
            7            3    1.125097439711759        0.4685340770715485     
            7            4    1.946777419627413         1.039871553804360     
            7            5    1.700380130196263        0.3850228256954589     
            7            6    1.593098164949963       -0.4923231309423058     
            7            7    1.724175650710165       -4.2314817531036740E-002
            7            8    2.084007781495114        0.9170313929397599     
            7            9    1.672952299912075        -1.437747221533749     
            7           10    1.372316796348134       -6.7478461830987199E-002
            8            1    2.187644094634063       -0.6811549754791832     
            8            2    1.437389301842686       -0.6476881169281824     
            8            3    1.125489905585682        0.4704561046217932     
            8            4    1.949667204368703         1.033899416625637     
            8            5    1.710047513398230        0.3843894702064479     
            8            6    1.580874475738499       -0.4878689093930539     
            8            7    1.726115594179567       -4.2861095963872206E-002
            8            8    2.079262508430967        0.9251518395048673     
            8            9    1.672577592487883        -1.437000647695394     
            8           10    1.372104491650269       -6.4108473880507402E-002
            9            1    2.196681723510593       -0.6690238692462445     
            9            2    1.439000180759703       -0.6492766112770291     
            9            3    1.125888765277537        0.4723970566125999     
            9            4    1.952640455543419         1.027857209944421     
            9            5    1.719826139371929        0.3833100618245507     
            9            6    1.568947970478100       -0.4826799977044396     
            9            7    1.728089492672597       -4.3173205500757671E-002
            9            8    2.074620719958332        0.9332370198968037     
            9            9    1.672207188922652        -1.436256480107821     
            9           10    1.371906538521356       -6.0736670034475221E-002
           10            1    2.205716668915556       -0.6566596016926014     
           10            2    1.440662469831252       -0.6508882563070286     
           10            3    1.126294103270151        0.4743568284641607     
           10            4    1.955698977688256         1.021743560109528     
           10            5    1.729708423654654        0.3817744570623903     
           10            6    1.557319206998468       -0.4767729031196832     
           10            7    1.730080475056595       -4.3248326620572070E-002
           10            8    2.070085629905833        0.9412852457638801     
           10            9    1.671841046075876        -1.435514670179912     
           10           10    1.371722971910731       -5.7363316010995417E-002
           11            1    2.214724519750893       -0.6440505497638641     
           11            2    1.442376614809037       -0.6525215413624240     
           11            3    1.126705997345691        0.4763353139720530     
           11            4    1.958844574191789         1.015557106425802     
           11            5    1.739686030998056        0.3797726414790474     
           11            6    1.545988825962579       -0.4701639903027807     
           11            7    1.732071447527215       -4.3085615700978984E-002
           11            8    2.065660453987876        0.9492949140237503     
           11            9    1.671479121502891        -1.434775169909158     
           11           10    1.371553770548261       -5.3988436262662129E-002
           12            1    2.223681718535496       -0.6311835134071576     
           12            2    1.444143150192858       -0.6541748902583698     
           12            3    1.127124496282858        0.4783323949408188     
           12            4    1.962079039651011         1.009296504535159     
           12            5    1.749749557450407        0.3772947016453239     
           12            6    1.534957414404983       -0.4628694191219191     
           12            7    1.734045296659813       -4.2686062056683849E-002
           12            8    2.061347488296239        0.9572642580797399     
           12            9    1.671121373477948        -1.434037932061393     
           12           10    1.371398956594670       -5.0612252822684452E-002
           13            1    2.232566108974788       -0.6180439045961184     
           13            2    1.445962644954863       -0.6558467035607861     
           13            3    1.127549687127887        0.4803479624439448     
           13            4    1.965404151176601         1.002960430218083     
           13            5    1.759889261079193        0.3743310720800573     
           13            6    1.524225750135932       -0.4549054464130807     
           13            7    1.735984866278601       -4.2053208999013859E-002
           13            8    2.057148610476609        0.9651915747150317     
           13            9    1.670767760980808        -1.433302910152493     
           13           10    1.371258520375027       -4.7234834235207558E-002
           14            1    2.241357333176265       -0.6046161248035097     
           14            2    1.447835656808379       -0.6575353256477416     
           14            3    1.127981656284699        0.4823819055151368     
           14            4    1.968821658558261        0.9965475830244050     
           14            5    1.770094066707967        0.3708723499747185     
           14            6    1.513794550559315       -0.4462881328389106     
           14            7    1.737873373383345       -4.1192052126679618E-002
           14            8    2.053065411289487        0.9730752211630175     
           14            9    1.670418243683680        -1.432570058430546     
           14           10    1.371132473940333       -4.3856361533665698E-002
           15            1    2.250037489389229       -0.5908836197668254     
           15            2    1.449762710081864       -0.6592390520057128     
           15            3    1.128420448570641        0.4844340906672429     
           15            4    1.972333273303595        0.9900566899466654     
           15            5    1.780352420995702        0.3669096591692232     
           15            6    1.503665382119259       -0.4370335281350740     
           15            7    1.739694342377666       -4.0110007273535933E-002
           15            8    2.049099312881995        0.9809135925802520     
           15            9    1.670072781938477        -1.431839331858465     
           15           10    1.371020816463930       -4.0476950823175172E-002
           16            1    2.258591718512747       -0.5768292077458327     
           16            2    1.451744440145840       -0.6609561542381694     
           16            3    1.128866154712043        0.4865044014200893     
           16            4    1.975940656343015        0.9834865088910264     
           16            5    1.790651145229318        0.3624343160417925     
           16            6    1.493839683833127       -0.4271578121394688     
           16            7    1.741431885424694       -3.8816148731350100E-002
           16            8    2.045251037331617        0.9887051870068796     
           16            9    1.669731353119232        -1.431110681083595     
           16           10    1.370923552283779       -3.7096732645142426E-002
           17            1    2.267008553051985       -0.5624355765182765     
           17            2    1.453781479496716       -0.6626848180723206     
           17            3    1.129318867083792        0.4885927181160575     
           17            4    1.979645404394953        0.9768358321168646     
           17            5    1.800976544648251        0.3574383838430131     
           17            6    1.484319808670797       -0.4166772563572799     
           17            7    1.743070810983800       -3.7321542551270188E-002
           17            8    2.041520981696018        0.9964486189791842     
           17            9    1.669393849391408        -1.430384094751332     
           17           10    1.370840687919014       -3.3715865181134827E-002
           18            1    2.275281279654921       -0.5476855452869805     
           18            2    1.455874444316866       -0.6644232289014177     
           18            3    1.129778628684661        0.4906989020673016     
           18            4    1.983449034917859        0.9701034895315577     
           18            5    1.811313733939527        0.3519145297251058     
           18            6    1.475108082041259       -0.4056083019675249     
           18            7    1.744596485117507       -3.5638816949568573E-002
           18            8    2.037909345649003         1.004142588305038     
           18            9    1.669060195654702        -1.429659548256979     
           18           10    1.370772222937349       -3.0334433350593319E-002
           19            1    2.283407724539827       -0.5325630829010354     
           19            2    1.458023973021995       -0.6661694958107500     
           19            3    1.130245533855863        0.4928228302236107     
           19            4    1.987352969703472        0.9632883513549227     
           19            5    1.821646553134184        0.3458562155954730     
           19            6    1.466207530134463       -0.3939675366934131     
           19            7    1.745995307167808       -3.3782423478054373E-002
           19            8    2.034416282425773         1.011785803756174     
           19            9    1.668730354933876        -1.428937001202992     
           19           10    1.370718167713121       -2.6952640879673462E-002
           20            1    2.291390735383411       -0.5170539979971100     
           20            2    1.460230777960932       -0.6679216846481956     
           20            3    1.130719675450083        0.4949643771638909     
           20            4    1.991358563229539        0.9563893492841465     
           20            5    1.831957676898697        0.3392576917459948     
           20            6    1.457622103290954       -0.3817720684694683     
           20            7    1.747254963660030       -3.1768159438870347E-002
           20            8    2.031041323484329         1.019377215705358     
           20            9    1.668404290865406        -1.428216413789348     
           20           10    1.370678519195038       -2.3570525910498435E-002
