 a,rmaj0,lx,lz=     360.0000000000000         1000.000000000000      
    1.490820312500000         2.706250000000000     
 xctr,xdim=    1.585410156250000         1.490820312500000     
 inner,outer =    0.8399999999999999         2.330820312500000     
 mi,qi=   3.3400000000000003E-027   1.5999999999999999E-019
 mm(1)=     10000000
 a,rmaj0,lx,lz=     360.0000000000000         1000.000000000000      
    1.490820312500000         2.706250000000000     
 xctr,xdim=    1.585410156250000         1.490820312500000     
 inner,outer =    0.8399999999999999         2.330820312500000     
 mi,qi=   3.3400000000000003E-027   1.5999999999999999E-019
 mm(1)=     10000000
      1  0.309E-01  0.216E+01  0.976E+00  0.145E+01  0.106E+01  0.689E+00  0.273E-01  0.102E+01  0.225E+00  0.782E+00  0.112E+01  0.235E+01  0.798E+00  0.139E+00
      2  0.309E-01  0.216E+01  0.976E+00  0.145E+01  0.106E+01  0.689E+00  0.273E-01  0.102E+01  0.225E+00  0.782E+00  0.112E+01  0.235E+01  0.798E+00  0.139E+00
      3  0.309E-01  0.216E+01  0.976E+00  0.145E+01  0.106E+01  0.689E+00  0.273E-01  0.102E+01  0.225E+00  0.782E+00  0.112E+01  0.235E+01  0.798E+00  0.139E+00
 a,rmaj0,lx,lz=     360.0000000000000         1000.000000000000      
    1.490820312500000         2.706250000000000     
 xctr,xdim=    1.585410156250000         1.490820312500000     
 inner,outer =    0.8399999999999999         2.330820312500000     
 mi,qi=   3.3400000000000003E-027   1.5999999999999999E-019
 mm(1)=     10000000
      1  0.309E-01  0.216E+01  0.976E+00  0.145E+01  0.106E+01  0.689E+00  0.273E-01  0.102E+01  0.225E+00  0.782E+00  0.112E+01  0.235E+01  0.798E+00  0.139E+00
      2  0.309E-01  0.216E+01  0.976E+00  0.145E+01  0.106E+01  0.689E+00  0.273E-01  0.102E+01  0.225E+00  0.782E+00  0.112E+01  0.235E+01  0.798E+00  0.139E+00
 a,rmaj0,lx,lz=     360.0000000000000         1000.000000000000      
    1.490820312500000         2.706250000000000     
 xctr,xdim=    1.585410156250000         1.490820312500000     
 inner,outer =    0.8399999999999999         2.330820312500000     
 mi,qi=   3.3400000000000003E-027   1.5999999999999999E-019
 mm(1)=     10000000
      1  0.309E-01  0.216E+01  0.976E+00  0.145E+01  0.106E+01  0.689E+00  0.273E-01  0.102E+01  0.225E+00  0.782E+00  0.112E+01  0.235E+01  0.798E+00  0.139E+00
      2  0.309E-01  0.216E+01  0.976E+00  0.145E+01  0.106E+01  0.689E+00  0.273E-01  0.102E+01  0.225E+00  0.782E+00  0.112E+01  0.235E+01  0.798E+00  0.139E+00
      3  0.309E-01  0.216E+01  0.976E+00  0.145E+01  0.106E+01  0.689E+00  0.273E-01  0.102E+01  0.225E+00  0.782E+00  0.112E+01  0.235E+01  0.798E+00  0.139E+00
      4  0.309E-01  0.216E+01  0.976E+00  0.145E+01  0.106E+01  0.689E+00  0.273E-01  0.102E+01  0.225E+00  0.782E+00  0.112E+01  0.235E+01  0.798E+00  0.139E+00
      5  0.309E-01  0.216E+01  0.976E+00  0.145E+01  0.106E+01  0.690E+00  0.273E-01  0.102E+01  0.225E+00  0.782E+00  0.112E+01  0.235E+01  0.798E+00  0.139E+00
      6  0.309E-01  0.216E+01  0.976E+00  0.145E+01  0.106E+01  0.690E+00  0.273E-01  0.102E+01  0.225E+00  0.782E+00  0.112E+01  0.235E+01  0.798E+00  0.139E+00
      7  0.309E-01  0.216E+01  0.977E+00  0.145E+01  0.106E+01  0.690E+00  0.273E-01  0.102E+01  0.225E+00  0.782E+00  0.112E+01  0.235E+01  0.798E+00  0.139E+00
      8  0.309E-01  0.216E+01  0.977E+00  0.145E+01  0.106E+01  0.690E+00  0.273E-01  0.102E+01  0.225E+00  0.782E+00  0.112E+01  0.235E+01  0.798E+00  0.139E+00
      9  0.309E-01  0.216E+01  0.977E+00  0.145E+01  0.106E+01  0.690E+00  0.273E-01  0.102E+01  0.225E+00  0.782E+00  0.112E+01  0.235E+01  0.798E+00  0.139E+00
     10  0.309E-01  0.216E+01  0.977E+00  0.145E+01  0.106E+01  0.690E+00  0.273E-01  0.102E+01  0.225E+00  0.782E+00  0.112E+01  0.235E+01  0.798E+00  0.139E+00
     11  0.309E-01  0.216E+01  0.977E+00  0.145E+01  0.106E+01  0.690E+00  0.273E-01  0.102E+01  0.225E+00  0.782E+00  0.112E+01  0.235E+01  0.798E+00  0.139E+00
     12  0.309E-01  0.216E+01  0.977E+00  0.145E+01  0.106E+01  0.690E+00  0.273E-01  0.102E+01  0.225E+00  0.782E+00  0.112E+01  0.235E+01  0.798E+00  0.139E+00
     13  0.309E-01  0.216E+01  0.977E+00  0.145E+01  0.106E+01  0.690E+00  0.273E-01  0.102E+01  0.225E+00  0.782E+00  0.112E+01  0.235E+01  0.798E+00  0.139E+00
     14  0.309E-01  0.216E+01  0.977E+00  0.145E+01  0.106E+01  0.690E+00  0.273E-01  0.102E+01  0.225E+00  0.782E+00  0.112E+01  0.235E+01  0.798E+00  0.139E+00
     15  0.309E-01  0.216E+01  0.977E+00  0.145E+01  0.106E+01  0.690E+00  0.273E-01  0.102E+01  0.225E+00  0.782E+00  0.112E+01  0.235E+01  0.798E+00  0.139E+00
     16  0.309E-01  0.216E+01  0.977E+00  0.145E+01  0.106E+01  0.690E+00  0.273E-01  0.102E+01  0.225E+00  0.782E+00  0.112E+01  0.235E+01  0.798E+00  0.139E+00
     17  0.309E-01  0.216E+01  0.977E+00  0.145E+01  0.106E+01  0.690E+00  0.273E-01  0.102E+01  0.225E+00  0.782E+00  0.112E+01  0.235E+01  0.798E+00  0.139E+00
     18  0.309E-01  0.216E+01  0.977E+00  0.145E+01  0.106E+01  0.690E+00  0.273E-01  0.102E+01  0.225E+00  0.782E+00  0.112E+01  0.235E+01  0.798E+00  0.139E+00
     19  0.309E-01  0.216E+01  0.977E+00  0.145E+01  0.106E+01  0.690E+00  0.273E-01  0.102E+01  0.225E+00  0.782E+00  0.112E+01  0.235E+01  0.798E+00  0.139E+00
     20  0.309E-01  0.216E+01  0.977E+00  0.145E+01  0.106E+01  0.690E+00  0.273E-01  0.102E+01  0.225E+00  0.782E+00  0.112E+01  0.235E+01  0.798E+00  0.139E+00
     21  0.309E-01  0.216E+01  0.977E+00  0.145E+01  0.106E+01  0.691E+00  0.273E-01  0.102E+01  0.225E+00  0.782E+00  0.112E+01  0.235E+01  0.798E+00  0.139E+00
     22  0.309E-01  0.216E+01  0.978E+00  0.145E+01  0.106E+01  0.691E+00  0.273E-01  0.102E+01  0.225E+00  0.782E+00  0.112E+01  0.235E+01  0.798E+00  0.139E+00
     23  0.309E-01  0.216E+01  0.978E+00  0.145E+01  0.106E+01  0.691E+00  0.273E-01  0.102E+01  0.225E+00  0.782E+00  0.112E+01  0.235E+01  0.798E+00  0.139E+00
 a,rmaj0,lx,lz=     360.0000000000000         1000.000000000000      
    1.490820312500000         2.706250000000000     
 xctr,xdim=    1.585410156250000         1.490820312500000     
 inner,outer =    0.8399999999999999         2.330820312500000     
 mi,qi=   3.3400000000000003E-027   1.5999999999999999E-019
 mm(1)=     10000000
      1  0.309E-01  0.216E+01  0.976E+00  0.145E+01  0.106E+01  0.689E+00  0.273E-01  0.102E+01  0.225E+00  0.782E+00  0.112E+01  0.235E+01  0.798E+00  0.139E+00
 a,rmaj0,lx,lz=     360.0000000000000         1000.000000000000      
    1.490820312500000         2.706250000000000     
 xctr,xdim=    1.585410156250000         1.490820312500000     
 inner,outer =    0.8399999999999999         2.330820312500000     
 mi,qi=   3.3400000000000003E-027   1.5999999999999999E-019
 mm(1)=     10000000
      1  0.309E-01  0.216E+01  0.976E+00  0.145E+01  0.106E+01  0.689E+00  0.273E-01  0.102E+01  0.225E+00  0.782E+00  0.112E+01  0.235E+01  0.798E+00  0.139E+00
      2  0.309E-01  0.216E+01  0.976E+00  0.145E+01  0.106E+01  0.689E+00  0.273E-01  0.102E+01  0.225E+00  0.782E+00  0.112E+01  0.235E+01  0.798E+00  0.139E+00
      3  0.309E-01  0.216E+01  0.976E+00  0.145E+01  0.106E+01  0.689E+00  0.273E-01  0.102E+01  0.225E+00  0.782E+00  0.112E+01  0.235E+01  0.798E+00  0.139E+00
      4  0.309E-01  0.216E+01  0.976E+00  0.145E+01  0.106E+01  0.689E+00  0.273E-01  0.102E+01  0.225E+00  0.782E+00  0.112E+01  0.235E+01  0.798E+00  0.139E+00
      5  0.309E-01  0.216E+01  0.976E+00  0.145E+01  0.106E+01  0.690E+00  0.273E-01  0.102E+01  0.225E+00  0.782E+00  0.112E+01  0.235E+01  0.798E+00  0.139E+00
      6  0.309E-01  0.216E+01  0.976E+00  0.145E+01  0.106E+01  0.690E+00  0.273E-01  0.102E+01  0.225E+00  0.782E+00  0.112E+01  0.235E+01  0.798E+00  0.139E+00
      7  0.309E-01  0.216E+01  0.977E+00  0.145E+01  0.106E+01  0.690E+00  0.273E-01  0.102E+01  0.225E+00  0.782E+00  0.112E+01  0.235E+01  0.798E+00  0.139E+00
      8  0.309E-01  0.216E+01  0.977E+00  0.145E+01  0.106E+01  0.690E+00  0.273E-01  0.102E+01  0.225E+00  0.782E+00  0.112E+01  0.235E+01  0.798E+00  0.139E+00
      9  0.309E-01  0.216E+01  0.977E+00  0.145E+01  0.106E+01  0.690E+00  0.273E-01  0.102E+01  0.225E+00  0.782E+00  0.112E+01  0.235E+01  0.798E+00  0.139E+00
     10  0.309E-01  0.216E+01  0.977E+00  0.145E+01  0.106E+01  0.690E+00  0.273E-01  0.102E+01  0.225E+00  0.782E+00  0.112E+01  0.235E+01  0.798E+00  0.139E+00
     11  0.309E-01  0.216E+01  0.977E+00  0.145E+01  0.106E+01  0.690E+00  0.273E-01  0.102E+01  0.225E+00  0.782E+00  0.112E+01  0.235E+01  0.798E+00  0.139E+00
     12  0.309E-01  0.216E+01  0.977E+00  0.145E+01  0.106E+01  0.690E+00  0.273E-01  0.102E+01  0.225E+00  0.782E+00  0.112E+01  0.235E+01  0.798E+00  0.139E+00
     13  0.309E-01  0.216E+01  0.977E+00  0.145E+01  0.106E+01  0.690E+00  0.273E-01  0.102E+01  0.225E+00  0.782E+00  0.112E+01  0.235E+01  0.798E+00  0.139E+00
     14  0.309E-01  0.216E+01  0.977E+00  0.145E+01  0.106E+01  0.690E+00  0.273E-01  0.102E+01  0.225E+00  0.782E+00  0.112E+01  0.235E+01  0.798E+00  0.139E+00
     15  0.309E-01  0.216E+01  0.977E+00  0.145E+01  0.106E+01  0.690E+00  0.273E-01  0.102E+01  0.225E+00  0.782E+00  0.112E+01  0.235E+01  0.798E+00  0.139E+00
     16  0.309E-01  0.216E+01  0.977E+00  0.145E+01  0.106E+01  0.690E+00  0.273E-01  0.102E+01  0.225E+00  0.782E+00  0.112E+01  0.235E+01  0.798E+00  0.139E+00
     17  0.309E-01  0.216E+01  0.977E+00  0.145E+01  0.106E+01  0.690E+00  0.273E-01  0.102E+01  0.225E+00  0.782E+00  0.112E+01  0.235E+01  0.798E+00  0.139E+00
     18  0.309E-01  0.216E+01  0.977E+00  0.145E+01  0.106E+01  0.690E+00  0.273E-01  0.102E+01  0.225E+00  0.782E+00  0.112E+01  0.235E+01  0.798E+00  0.139E+00
     19  0.309E-01  0.216E+01  0.977E+00  0.145E+01  0.106E+01  0.690E+00  0.273E-01  0.102E+01  0.225E+00  0.782E+00  0.112E+01  0.235E+01  0.798E+00  0.139E+00
     20  0.309E-01  0.216E+01  0.977E+00  0.145E+01  0.106E+01  0.690E+00  0.273E-01  0.102E+01  0.225E+00  0.782E+00  0.112E+01  0.235E+01  0.798E+00  0.139E+00
