 xu,omegau,vu =    1.6270545199131867E-003    190239041.9161676      
    309529.2930136547     
     0  0.203699901E+01 -0.389017224E-01 -0.287399918E-01  0.203642472E+01  0.000000000E+00  0.000000000E+00
     1  0.202905492E+01 -0.355671839E-01 -0.369348511E-01  0.202840693E+01 -0.380974990E-02  0.312732875E-04
     2  0.202144998E+01 -0.340139057E-01 -0.536348306E-01  0.202045203E+01 -0.367125127E-02  0.223367202E-04
     3  0.201407116E+01 -0.331510545E-01 -0.706315183E-01  0.201255927E+01 -0.356168594E-02  0.162095632E-04
     4  0.200691339E+01 -0.327569685E-01 -0.877167250E-01  0.200472794E+01 -0.345362129E-02  0.855181770E-05
     5  0.199997562E+01 -0.327846419E-01 -0.104828890E+00  0.199695733E+01 -0.334545300E-02 -0.272843053E-05
     6  0.199325933E+01 -0.332927262E-01 -0.121950291E+00  0.198924672E+01 -0.323560036E-02 -0.220229468E-04
     7  0.198676991E+01 -0.345258473E-01 -0.139076395E+00  0.198159542E+01 -0.311954801E-02 -0.656917839E-04
     8  0.198052728E+01 -0.374369699E-01 -0.156204626E+00  0.197400276E+01 -0.301294176E-02 -0.776273580E-04
     9  0.197447296E+01 -0.387937703E-01 -0.173325936E+00  0.196646806E+01 -0.294222783E-02  0.726691938E-04
    10  0.196851893E+01 -0.341672729E-01 -0.190407428E+00  0.195899066E+01 -0.285737651E-02  0.170683567E-03
    11  0.196281092E+01 -0.318190765E-01 -0.207338267E+00  0.195156991E+01 -0.275679785E-02  0.108894348E-03
    12  0.195726740E+01 -0.300241985E-01 -0.223742007E+00  0.194420517E+01 -0.272009066E-02  0.116896829E-03
    13  0.195170920E+01 -0.276844403E-01 -0.238405205E+00  0.193689580E+01 -0.282352062E-02  0.269742068E-03
    14  0.194574354E+01 -0.212432631E-01 -0.248900650E+00  0.192964119E+01 -0.306315048E-02  0.374252792E-03
    15  0.193920733E+01 -0.160840837E-01 -0.253944951E+00  0.192244072E+01 -0.329773812E-02  0.222830899E-03
    16  0.193228423E+01 -0.142701782E-01 -0.255281013E+00  0.191529379E+01 -0.342332324E-02  0.848272693E-04
    17  0.192523545E+01 -0.133060109E-01 -0.255201919E+00  0.190819980E+01 -0.345411112E-02  0.491944147E-04
    18  0.191818669E+01 -0.125910606E-01 -0.254714115E+00  0.190115817E+01 -0.344471821E-02  0.391388240E-04
    19  0.191117625E+01 -0.119456331E-01 -0.254122767E+00  0.189416831E+01 -0.342318032E-02  0.368000437E-04
    20  0.190421540E+01 -0.113138552E-01 -0.253520147E+00  0.188722967E+01 -0.339808996E-02  0.368383255E-04
    21  0.189730736E+01 -0.106791026E-01 -0.252935531E+00  0.188034167E+01 -0.337203700E-02  0.375511013E-04
    22  0.189045284E+01 -0.100374539E-01 -0.252378291E+00  0.187350377E+01 -0.334584984E-02  0.383867119E-04
    23  0.188365168E+01 -0.938906770E-02 -0.251851201E+00  0.186671543E+01 -0.331980568E-02  0.391696185E-04
    24  0.187690346E+01 -0.873532236E-02 -0.251354741E+00  0.185997610E+01 -0.329400042E-02  0.398490558E-04
    25  0.187020762E+01 -0.807787335E-02 -0.250888573E+00  0.185328525E+01 -0.326846962E-02  0.404154632E-04
    26  0.186356360E+01 -0.741834803E-02 -0.250451987E+00  0.184664237E+01 -0.324322832E-02  0.408729354E-04
    27  0.185697078E+01 -0.675824215E-02 -0.250044102E+00  0.184004694E+01 -0.321828300E-02  0.412305484E-04
    28  0.185042857E+01 -0.609887904E-02 -0.249663938E+00  0.183349846E+01 -0.319363656E-02  0.414984245E-04
    29  0.184393634E+01 -0.544142556E-02 -0.249310455E+00  0.182699642E+01 -0.316928895E-02  0.416868251E-04
    30  0.183749350E+01 -0.478687768E-02 -0.248982602E+00  0.182054033E+01 -0.314523925E-02  0.418058604E-04
    31  0.183109943E+01 -0.413608493E-02 -0.248679297E+00  0.181412972E+01 -0.312148597E-02  0.418650532E-04
    32  0.182475353E+01 -0.348974862E-02 -0.248399463E+00  0.180776409E+01 -0.309802574E-02  0.418730267E-04
    33  0.181845522E+01 -0.284845422E-02 -0.248142049E+00  0.180144297E+01 -0.307485435E-02  0.418373842E-04
    34  0.181220389E+01 -0.221267331E-02 -0.247906031E+00  0.179516591E+01 -0.305196737E-02  0.417659688E-04
    35  0.180599898E+01 -0.158275716E-02 -0.247690418E+00  0.178893244E+01 -0.302936037E-02  0.416651660E-04
    36  0.179983992E+01 -0.958989189E-03 -0.247494246E+00  0.178274211E+01 -0.300702867E-02  0.415406143E-04
    37  0.179372616E+01 -0.341556869E-03 -0.247316590E+00  0.177659447E+01 -0.298496628E-02  0.413976261E-04
    38  0.178765715E+01  0.269409131E-03 -0.247156592E+00  0.177048909E+01 -0.296316727E-02  0.412406279E-04
    39  0.178163235E+01  0.873846419E-03 -0.247013429E+00  0.176442553E+01 -0.294162708E-02  0.410740138E-04
    40  0.177565126E+01  0.147174730E-02 -0.246886305E+00  0.175840336E+01 -0.292033932E-02  0.409010143E-04
    41  0.176971334E+01  0.206313719E-02 -0.246774512E+00  0.175242215E+01 -0.289929845E-02  0.407244029E-04
    42  0.176381812E+01  0.264808232E-02 -0.246677345E+00  0.174648150E+01 -0.287850007E-02  0.405472085E-04
    43  0.175796510E+01  0.322668900E-02 -0.246594154E+00  0.174058099E+01 -0.285793794E-02  0.403714529E-04
    44  0.175215380E+01  0.379907437E-02 -0.246524344E+00  0.173472022E+01 -0.283760696E-02  0.401988451E-04
    45  0.174638375E+01  0.436538658E-02 -0.246467344E+00  0.172889878E+01 -0.281750208E-02  0.400312235E-04
    46  0.174065450E+01  0.492578802E-02 -0.246422634E+00  0.172311628E+01 -0.279761855E-02  0.398698404E-04
    47  0.173496561E+01  0.548045512E-02 -0.246389712E+00  0.171737234E+01 -0.277795198E-02  0.397159323E-04
    48  0.172931663E+01  0.602957806E-02 -0.246368119E+00  0.171166656E+01 -0.275849720E-02  0.395702989E-04
    49  0.172370714E+01  0.657334853E-02 -0.246357431E+00  0.170599857E+01 -0.273924963E-02  0.394338737E-04
    50  0.171813672E+01  0.711197574E-02 -0.246357255E+00  0.170036799E+01 -0.272020530E-02  0.393070151E-04
    51  0.171260495E+01  0.764565412E-02 -0.246367216E+00  0.169477446E+01 -0.270136027E-02  0.391903402E-04
    52  0.170711144E+01  0.817460345E-02 -0.246386968E+00  0.168921761E+01 -0.268271010E-02  0.390843389E-04
    53  0.170165580E+01  0.869902475E-02 -0.246416198E+00  0.168369707E+01 -0.266425124E-02  0.389889144E-04
    54  0.169623763E+01  0.921912827E-02 -0.246454597E+00  0.167821251E+01 -0.264598014E-02  0.389046717E-04
    55  0.169085655E+01  0.973512550E-02 -0.246501891E+00  0.167276356E+01 -0.262789279E-02  0.388316538E-04
    56  0.168551220E+01  0.102472212E-01 -0.246557823E+00  0.166734988E+01 -0.260998602E-02  0.387700301E-04
    57  0.168020421E+01  0.107556255E-01 -0.246622149E+00  0.166197113E+01 -0.259225618E-02  0.387195525E-04
    58  0.167493222E+01  0.112605299E-01 -0.246694653E+00  0.165662697E+01 -0.257469964E-02  0.386805240E-04
    59  0.166969589E+01  0.117621471E-01 -0.246775135E+00  0.165131706E+01 -0.255731414E-02  0.386528248E-04
    60  0.166449486E+01  0.122606597E-01 -0.246863384E+00  0.164604109E+01 -0.254009697E-02  0.386361891E-04
    61  0.165932879E+01  0.127562675E-01 -0.246959220E+00  0.164079873E+01 -0.252304353E-02  0.386309185E-04
    62  0.165419736E+01  0.132491560E-01 -0.247062503E+00  0.163558965E+01 -0.250615279E-02  0.386363331E-04
    63  0.164910023E+01  0.137395010E-01 -0.247173025E+00  0.163041354E+01 -0.248942052E-02  0.386524113E-04
    64  0.164403710E+01  0.142274833E-01 -0.247290712E+00  0.162527009E+01 -0.247284422E-02  0.386820024E-04
    65  0.163900762E+01  0.147133503E-01 -0.247415366E+00  0.162015898E+01 -0.245642529E-02  0.387207845E-04
    66  0.163401149E+01  0.151971602E-01 -0.247546828E+00  0.161507993E+01 -0.244015171E-02  0.387674753E-04
    67  0.162904844E+01  0.156791216E-01 -0.247685178E+00  0.161003262E+01 -0.242402569E-02  0.388277253E-04
    68  0.162411813E+01  0.161594410E-01 -0.247830138E+00  0.160501676E+01 -0.240805087E-02  0.388971951E-04
    69  0.161922027E+01  0.166382090E-01 -0.247981646E+00  0.160003205E+01 -0.239222012E-02  0.389745990E-04
    70  0.161435457E+01  0.171155903E-01 -0.248139570E+00  0.159507821E+01 -0.237652862E-02  0.390640590E-04
    71  0.160952076E+01  0.175917849E-01 -0.248303921E+00  0.159015495E+01 -0.236097193E-02  0.391643503E-04
    72  0.160471855E+01  0.180669159E-01 -0.248474641E+00  0.158526199E+01 -0.234555654E-02  0.392709456E-04
    73  0.159994766E+01  0.185410675E-01 -0.248651531E+00  0.158039905E+01 -0.233027257E-02  0.393853714E-04
    74  0.159520783E+01  0.190143970E-01 -0.248834742E+00  0.157556585E+01 -0.231511313E-02  0.395046535E-04
    75  0.159049880E+01  0.194869121E-01 -0.249024219E+00  0.157076212E+01 -0.230007905E-02  0.396299984E-04
    76  0.158582034E+01  0.199588046E-01 -0.249220042E+00  0.156598760E+01 -0.228515561E-02  0.397568114E-04
    77  0.158117222E+01  0.204299698E-01 -0.249422499E+00  0.156124201E+01 -0.227032574E-02  0.398759429E-04
    78  0.157655428E+01  0.209003776E-01 -0.249632084E+00  0.155652510E+01 -0.225555383E-02  0.399762744E-04
    79  0.157196645E+01  0.213696695E-01 -0.249849969E+00  0.155183661E+01 -0.224076447E-02  0.400397816E-04
    80  0.156740887E+01  0.218374180E-01 -0.250078549E+00  0.154717627E+01 -0.222578974E-02  0.400290638E-04
    81  0.156288216E+01  0.223024383E-01 -0.250323268E+00  0.154254384E+01 -0.225090541E-02  0.388933408E-04
    82  0.155822207E+01  0.228069908E-01 -0.250702350E+00  0.153775297E+01 -0.229933011E-02  0.320617813E-04
    83  0.155349773E+01  0.232947077E-01 -0.251078971E+00  0.153289657E+01 -0.233214990E-02  0.274391521E-04
    84  0.154870369E+01  0.237618501E-01 -0.251226227E+00  0.152800650E+01 -0.235078368E-02  0.237663199E-04
    85  0.154390329E+01  0.242105033E-01 -0.251198053E+00  0.152313845E+01 -0.233135410E-02  0.243498776E-04
    86  0.153918855E+01  0.246528942E-01 -0.251082789E+00  0.151837119E+01 -0.228164848E-02  0.284512092E-04
    87  0.153459102E+01  0.250964302E-01 -0.250957050E+00  0.151372399E+01 -0.223040081E-02  0.324248383E-04
    88  0.153008544E+01  0.255420976E-01 -0.250842499E+00  0.150916768E+01 -0.219211482E-02  0.349898193E-04
    89  0.152564417E+01  0.259900196E-01 -0.250740639E+00  0.150467398E+01 -0.216504176E-02  0.364908308E-04
    90  0.152124909E+01  0.264398582E-01 -0.250648031E+00  0.150022508E+01 -0.214454690E-02  0.373677634E-04
    91  0.151689146E+01  0.268909617E-01 -0.250557953E+00  0.149581325E+01 -0.212699405E-02  0.380319280E-04
    92  0.151256802E+01  0.273425452E-01 -0.250462571E+00  0.149143652E+01 -0.211080316E-02  0.385934176E-04
    93  0.150827647E+01  0.277938680E-01 -0.250355066E+00  0.148709373E+01 -0.209566517E-02  0.390596864E-04
    94  0.150401482E+01  0.282444080E-01 -0.250229682E+00  0.148278384E+01 -0.208141900E-02  0.394494809E-04
    95  0.149978142E+01  0.286936488E-01 -0.250082178E+00  0.147850596E+01 -0.206787769E-02  0.397786641E-04
    96  0.149557503E+01  0.291412885E-01 -0.249909535E+00  0.147425936E+01 -0.205490609E-02  0.400639272E-04
    97  0.149139457E+01  0.295871330E-01 -0.249709946E+00  0.147004330E+01 -0.204236110E-02  0.403236192E-04
    98  0.148723938E+01  0.300311976E-01 -0.249483057E+00  0.146585719E+01 -0.203007455E-02  0.405806875E-04
    99  0.148310906E+01  0.304735664E-01 -0.249229489E+00  0.146170056E+01 -0.201795724E-02  0.408392896E-04
   100  0.147900333E+01  0.309143913E-01 -0.248950179E+00  0.145757297E+01 -0.200597434E-02  0.410976256E-04
   101  0.147492192E+01  0.313537539E-01 -0.248646187E+00  0.145347401E+01 -0.199411173E-02  0.413517729E-04
   102  0.147086461E+01  0.317918717E-01 -0.248318363E+00  0.144940331E+01 -0.198236417E-02  0.416088186E-04
   103  0.146683115E+01  0.322288574E-01 -0.247967421E+00  0.144536053E+01 -0.197074294E-02  0.418645554E-04
   104  0.146282126E+01  0.326647547E-01 -0.247594260E+00  0.144134525E+01 -0.195925406E-02  0.421334845E-04
   105  0.145883469E+01  0.330997419E-01 -0.247199449E+00  0.143735712E+01 -0.194788889E-02  0.424047029E-04
   106  0.145487119E+01  0.335338606E-01 -0.246783551E+00  0.143339580E+01 -0.193663734E-02  0.426773463E-04
   107  0.145093054E+01  0.339672529E-01 -0.246347184E+00  0.142946099E+01 -0.192548289E-02  0.429470578E-04
   108  0.144701256E+01  0.343999919E-01 -0.245890837E+00  0.142555242E+01 -0.191443059E-02  0.432155855E-04
   109  0.144311702E+01  0.348321837E-01 -0.245415052E+00  0.142166976E+01 -0.190350345E-02  0.434941749E-04
   110  0.143924365E+01  0.352638662E-01 -0.244920117E+00  0.141781271E+01 -0.189268771E-02  0.437761470E-04
   111  0.143539225E+01  0.356951437E-01 -0.244406565E+00  0.141398097E+01 -0.188197078E-02  0.440625582E-04
   112  0.143156261E+01  0.361261192E-01 -0.243874738E+00  0.141017429E+01 -0.187135000E-02  0.443477266E-04
   113  0.142775456E+01  0.365567951E-01 -0.243324848E+00  0.140639244E+01 -0.186082168E-02  0.446267044E-04
   114  0.142396789E+01  0.369872731E-01 -0.242757353E+00  0.140263515E+01 -0.185039533E-02  0.449201603E-04
   115  0.142020240E+01  0.374176538E-01 -0.242172584E+00  0.139890215E+01 -0.184007273E-02  0.452164265E-04
   116  0.141645786E+01  0.378479708E-01 -0.241570742E+00  0.139519317E+01 -0.182985067E-02  0.455118788E-04
   117  0.141273409E+01  0.382782575E-01 -0.240952029E+00  0.139150799E+01 -0.181970911E-02  0.458101808E-04
   118  0.140903094E+01  0.387086121E-01 -0.240316702E+00  0.138784643E+01 -0.180965303E-02  0.461072378E-04
   119  0.140534821E+01  0.391390342E-01 -0.239665020E+00  0.138420822E+01 -0.179969437E-02  0.464097734E-04
   120  0.140168571E+01  0.395696209E-01 -0.238997298E+00  0.138059312E+01 -0.178983193E-02  0.467153460E-04
   121  0.139804323E+01  0.400004032E-01 -0.238313541E+00  0.137700090E+01 -0.178006193E-02  0.470240016E-04
   122  0.139442060E+01  0.404314766E-01 -0.237614000E+00  0.137343136E+01 -0.177035750E-02  0.473342216E-04
   123  0.139081773E+01  0.408628389E-01 -0.236898923E+00  0.136988433E+01 -0.176073591E-02  0.476473158E-04
   124  0.138723437E+01  0.412945199E-01 -0.236168434E+00  0.136635956E+01 -0.175121600E-02  0.479612071E-04
   125  0.138367035E+01  0.417266134E-01 -0.235422653E+00  0.136285682E+01 -0.174177986E-02  0.482782424E-04
   126  0.138012551E+01  0.421591481E-01 -0.234661764E+00  0.135937592E+01 -0.173242052E-02  0.485958700E-04
   127  0.137659969E+01  0.425921526E-01 -0.233886004E+00  0.135591665E+01 -0.172313237E-02  0.489199732E-04
   128  0.137309275E+01  0.430257186E-01 -0.233095313E+00  0.135247886E+01 -0.171392336E-02  0.492497046E-04
   129  0.136960452E+01  0.434598417E-01 -0.232289985E+00  0.134906232E+01 -0.170479865E-02  0.495719030E-04
   130  0.136613483E+01  0.438945176E-01 -0.231470196E+00  0.134566682E+01 -0.169575606E-02  0.498975817E-04
   131  0.136268350E+01  0.443298684E-01 -0.230635940E+00  0.134229216E+01 -0.168679252E-02  0.502275074E-04
   132  0.135925039E+01  0.447659203E-01 -0.229787388E+00  0.133893816E+01 -0.167789421E-02  0.505616519E-04
   133  0.135583538E+01  0.452026993E-01 -0.228924651E+00  0.133560465E+01 -0.166906558E-02  0.509014904E-04
   134  0.135243830E+01  0.456402311E-01 -0.228047841E+00  0.133229145E+01 -0.166031730E-02  0.512394427E-04
   135  0.134905899E+01  0.460785725E-01 -0.227157123E+00  0.132899834E+01 -0.165164527E-02  0.515745010E-04
   136  0.134569731E+01  0.465177172E-01 -0.226252606E+00  0.132572513E+01 -0.164304708E-02  0.519129616E-04
   137  0.134235310E+01  0.469577835E-01 -0.225334338E+00  0.132247164E+01 -0.163451908E-02  0.522541096E-04
   138  0.133902622E+01  0.473987332E-01 -0.224402481E+00  0.131923770E+01 -0.162605454E-02  0.526017745E-04
   139  0.133571655E+01  0.478406526E-01 -0.223457083E+00  0.131602314E+01 -0.161765517E-02  0.529523059E-04
   140  0.133242396E+01  0.482835650E-01 -0.222498303E+00  0.131282779E+01 -0.160932885E-02  0.533035848E-04
   141  0.132914827E+01  0.487274937E-01 -0.221526245E+00  0.130965144E+01 -0.160107707E-02  0.536529074E-04
   142  0.132588936E+01  0.491724925E-01 -0.220540951E+00  0.130649391E+01 -0.159289151E-02  0.540017409E-04
   143  0.132264708E+01  0.496185838E-01 -0.219542580E+00  0.130335504E+01 -0.158476867E-02  0.543529441E-04
   144  0.131942131E+01  0.500658206E-01 -0.218531229E+00  0.130023464E+01 -0.157671694E-02  0.547096193E-04
   145  0.131621190E+01  0.505142246E-01 -0.217506882E+00  0.129713255E+01 -0.156872843E-02  0.550684007E-04
   146  0.131301874E+01  0.509638480E-01 -0.216469752E+00  0.129404859E+01 -0.156079064E-02  0.554293056E-04
   147  0.130984173E+01  0.514147119E-01 -0.215419934E+00  0.129098262E+01 -0.155292178E-02  0.557904502E-04
   148  0.130668068E+01  0.518668676E-01 -0.214357409E+00  0.128793444E+01 -0.154512564E-02  0.561535933E-04
   149  0.130353548E+01  0.523203356E-01 -0.213282328E+00  0.128490388E+01 -0.153738785E-02  0.565188844E-04
   150  0.130040602E+01  0.527751965E-01 -0.212194786E+00  0.128189078E+01 -0.152971078E-02  0.568827985E-04
   151  0.129729215E+01  0.532313799E-01 -0.211094875E+00  0.127889496E+01 -0.152209306E-02  0.572489146E-04
   152  0.129419378E+01  0.536890557E-01 -0.209982687E+00  0.127591626E+01 -0.151453698E-02  0.576187269E-04
   153  0.129111076E+01  0.541481830E-01 -0.208858255E+00  0.127295451E+01 -0.150704539E-02  0.579857830E-04
   154  0.128804296E+01  0.546088108E-01 -0.207721614E+00  0.127000956E+01 -0.149961025E-02  0.583586404E-04
   155  0.128499028E+01  0.550710172E-01 -0.206572910E+00  0.126708123E+01 -0.149223062E-02  0.587310737E-04
   156  0.128195260E+01  0.555347610E-01 -0.205412231E+00  0.126416936E+01 -0.148490732E-02  0.591038027E-04
   157  0.127892981E+01  0.560001198E-01 -0.204239666E+00  0.126127380E+01 -0.147764629E-02  0.594786077E-04
   158  0.127592177E+01  0.564671408E-01 -0.203055133E+00  0.125839439E+01 -0.147044238E-02  0.598563534E-04
   159  0.127292838E+01  0.569358708E-01 -0.201858831E+00  0.125553095E+01 -0.146329161E-02  0.602336067E-04
   160  0.126994952E+01  0.574062973E-01 -0.200650790E+00  0.125268334E+01 -0.145620121E-02  0.606107867E-04
   161  0.126698507E+01  0.578784961E-01 -0.199430985E+00  0.124985140E+01 -0.144916336E-02  0.609906612E-04
   162  0.126403494E+01  0.583524835E-01 -0.198199612E+00  0.124703497E+01 -0.144218110E-02  0.613695558E-04
   163  0.126109898E+01  0.588283051E-01 -0.196956587E+00  0.124423389E+01 -0.143525421E-02  0.617483213E-04
   164  0.125817712E+01  0.593059766E-01 -0.195702052E+00  0.124144802E+01 -0.142837850E-02  0.621287872E-04
   165  0.125526923E+01  0.597855720E-01 -0.194436032E+00  0.123867718E+01 -0.142156270E-02  0.625079709E-04
   166  0.125237519E+01  0.602670484E-01 -0.193158447E+00  0.123592124E+01 -0.141480028E-02  0.628883771E-04
   167  0.124949490E+01  0.607505080E-01 -0.191869435E+00  0.123318003E+01 -0.140808685E-02  0.632705570E-04
   168  0.124662825E+01  0.612359367E-01 -0.190569021E+00  0.123045341E+01 -0.140142882E-02  0.636553589E-04
   169  0.124377514E+01  0.617233780E-01 -0.189257180E+00  0.122774123E+01 -0.139481669E-02  0.640409407E-04
   170  0.124093548E+01  0.622128750E-01 -0.187933937E+00  0.122504337E+01 -0.138825539E-02  0.644274922E-04
   171  0.123810914E+01  0.627044418E-01 -0.186599266E+00  0.122235965E+01 -0.138175351E-02  0.648104919E-04
   172  0.123529602E+01  0.631980637E-01 -0.185253194E+00  0.121968992E+01 -0.137530582E-02  0.651894272E-04
   173  0.123249600E+01  0.636937832E-01 -0.183895694E+00  0.121703404E+01 -0.136890824E-02  0.655708771E-04
   174  0.122970899E+01  0.641916709E-01 -0.182526793E+00  0.121439186E+01 -0.136256348E-02  0.659509307E-04
   175  0.122693486E+01  0.646916549E-01 -0.181146410E+00  0.121176323E+01 -0.135625928E-02  0.663336780E-04
   176  0.122417358E+01  0.651937770E-01 -0.179754466E+00  0.120914807E+01 -0.135000428E-02  0.667150936E-04
   177  0.122142498E+01  0.656980507E-01 -0.178350989E+00  0.120654618E+01 -0.134381340E-02  0.670921998E-04
   178  0.121868897E+01  0.662044890E-01 -0.176935900E+00  0.120395741E+01 -0.133767620E-02  0.674680998E-04
   179  0.121596542E+01  0.667130769E-01 -0.175509121E+00  0.120138163E+01 -0.133157613E-02  0.678434606E-04
   180  0.121325430E+01  0.672237995E-01 -0.174070521E+00  0.119881876E+01 -0.132552078E-02  0.682175812E-04
   181  0.121055547E+01  0.677366701E-01 -0.172620131E+00  0.119626860E+01 -0.131953338E-02  0.685885229E-04
   182  0.120786879E+01  0.682516459E-01 -0.171157768E+00  0.119373101E+01 -0.131359479E-02  0.689551897E-04
   183  0.120519419E+01  0.687686846E-01 -0.169683201E+00  0.119120591E+01 -0.130769501E-02  0.693191913E-04
   184  0.120253159E+01  0.692877998E-01 -0.168196461E+00  0.118869314E+01 -0.130185484E-02  0.696810896E-04
   185  0.119988083E+01  0.698088942E-01 -0.166697424E+00  0.118619252E+01 -0.129606214E-02  0.700403106E-04
   186  0.119724187E+01  0.703319819E-01 -0.165185756E+00  0.118370400E+01 -0.129031882E-02  0.703885562E-04
   187  0.119461455E+01  0.708569389E-01 -0.163661337E+00  0.118122740E+01 -0.128463579E-02  0.707398799E-04
   188  0.119199878E+01  0.713837802E-01 -0.162124097E+00  0.117876259E+01 -0.127898978E-02  0.710770095E-04
   189  0.118939451E+01  0.719123281E-01 -0.160573659E+00  0.117630949E+01 -0.127340983E-02  0.714162248E-04
   190  0.118680152E+01  0.724425437E-01 -0.159009854E+00  0.117386787E+01 -0.126786944E-02  0.717439443E-04
   191  0.118421985E+01  0.729743065E-01 -0.157432516E+00  0.117143775E+01 -0.126238588E-02  0.720648787E-04
   192  0.118164924E+01  0.735074696E-01 -0.155841221E+00  0.116901886E+01 -0.125695655E-02  0.723786705E-04
   193  0.117908974E+01  0.740419693E-01 -0.154235809E+00  0.116661121E+01 -0.125157865E-02  0.726838557E-04
   194  0.117654108E+01  0.745776065E-01 -0.152615914E+00  0.116421453E+01 -0.124625489E-02  0.729763023E-04
   195  0.117400330E+01  0.751142110E-01 -0.150981224E+00  0.116182885E+01 -0.124097660E-02  0.732641527E-04
   196  0.117147618E+01  0.756516144E-01 -0.149331484E+00  0.115945392E+01 -0.123576684E-02  0.735294412E-04
   197  0.116895967E+01  0.761895685E-01 -0.147666183E+00  0.115708969E+01 -0.123059972E-02  0.737953691E-04
   198  0.116645364E+01  0.767279082E-01 -0.145985021E+00  0.115473603E+01 -0.122549987E-02  0.740352176E-04
   199  0.116395794E+01  0.772663358E-01 -0.144287698E+00  0.115239275E+01 -0.122044026E-02  0.742696506E-04
   200  0.116147256E+01  0.778046362E-01 -0.142573615E+00  0.115005987E+01 -0.121543645E-02  0.744866568E-04
   201  0.115899728E+01  0.783424094E-01 -0.140842431E+00  0.114773716E+01 -0.121051191E-02  0.746764821E-04
   202  0.115653200E+01  0.788794190E-01 -0.139093705E+00  0.114542449E+01 -0.120562320E-02  0.748601953E-04
   203  0.115407668E+01  0.794153238E-01 -0.137327003E+00  0.114312181E+01 -0.120078023E-02  0.750232663E-04
   204  0.115163116E+01  0.799497596E-01 -0.135541943E+00  0.114082898E+01 -0.119600535E-02  0.751661288E-04
   205  0.114919533E+01  0.804824444E-01 -0.133738145E+00  0.113854582E+01 -0.119128324E-02  0.752918784E-04
   206  0.114676909E+01  0.810130460E-01 -0.131915385E+00  0.113627222E+01 -0.118660220E-02  0.754035866E-04
   207  0.114435236E+01  0.815413405E-01 -0.130073438E+00  0.113400804E+01 -0.118194905E-02  0.754998536E-04
   208  0.114194511E+01  0.820670009E-01 -0.128212082E+00  0.113175319E+01 -0.117733587E-02  0.755795186E-04
   209  0.113954720E+01  0.825897815E-01 -0.126331196E+00  0.112950750E+01 -0.117277021E-02  0.756461254E-04
   210  0.113715859E+01  0.831094390E-01 -0.124430759E+00  0.112727080E+01 -0.116823966E-02  0.756995078E-04
   211  0.113477918E+01  0.836257319E-01 -0.122510601E+00  0.112504296E+01 -0.116374298E-02  0.757409651E-04
   212  0.113240891E+01  0.841384472E-01 -0.120570752E+00  0.112282383E+01 -0.115927743E-02  0.757708798E-04
   213  0.113004773E+01  0.846472693E-01 -0.118611192E+00  0.112061326E+01 -0.115484124E-02  0.757897588E-04
   214  0.112769557E+01  0.851520934E-01 -0.116631949E+00  0.111841111E+01 -0.115043191E-02  0.757984554E-04
   215  0.112535238E+01  0.856526339E-01 -0.114633100E+00  0.111621721E+01 -0.114605014E-02  0.757944381E-04
   216  0.112301810E+01  0.861486854E-01 -0.112614771E+00  0.111403141E+01 -0.114169245E-02  0.757847835E-04
   217  0.112069270E+01  0.866400958E-01 -0.110577087E+00  0.111185355E+01 -0.113736077E-02  0.757676549E-04
   218  0.111837610E+01  0.871265854E-01 -0.108520121E+00  0.110968349E+01 -0.113303690E-02  0.757428056E-04
   219  0.111606835E+01  0.876080057E-01 -0.106444094E+00  0.110752113E+01 -0.112873503E-02  0.757113567E-04
   220  0.111376931E+01  0.880841578E-01 -0.104349127E+00  0.110536624E+01 -0.112447455E-02  0.756607386E-04
   221  0.111147894E+01  0.885548448E-01 -0.102235435E+00  0.110321865E+01 -0.112023917E-02  0.756028842E-04
   222  0.110919719E+01  0.890198967E-01 -0.100103281E+00  0.110107820E+01 -0.111600145E-02  0.755434977E-04
   223  0.110692412E+01  0.894790942E-01 -0.979528780E-01  0.109894482E+01 -0.111177349E-02  0.754838544E-04
   224  0.110465962E+01  0.899322959E-01 -0.957845314E-01  0.109681830E+01 -0.110759588E-02  0.754063136E-04
   225  0.110240360E+01  0.903792857E-01 -0.935984977E-01  0.109469841E+01 -0.110341089E-02  0.753262578E-04
   226  0.110015618E+01  0.908199505E-01 -0.913950782E-01  0.109258515E+01 -0.109924172E-02  0.752446607E-04
   227  0.109791718E+01  0.912540264E-01 -0.891745720E-01  0.109047821E+01 -0.109510627E-02  0.751503344E-04
   228  0.109568664E+01  0.916814032E-01 -0.869373231E-01  0.108837753E+01 -0.109097642E-02  0.750564408E-04
   229  0.109346449E+01  0.921018959E-01 -0.846836253E-01  0.108628289E+01 -0.108686477E-02  0.749531984E-04
   230  0.109125073E+01  0.925153213E-01 -0.824138645E-01  0.108419419E+01 -0.108277698E-02  0.748445908E-04
   231  0.108904527E+01  0.929215225E-01 -0.801285178E-01  0.108211118E+01 -0.107868573E-02  0.747358415E-04
   232  0.108684821E+01  0.933203691E-01 -0.778279171E-01  0.108003387E+01 -0.107461646E-02  0.746163123E-04
   233  0.108465935E+01  0.937116819E-01 -0.755123915E-01  0.107796192E+01 -0.107058760E-02  0.744881582E-04
   234  0.108247874E+01  0.940952580E-01 -0.731824552E-01  0.107589527E+01 -0.106653806E-02  0.743661943E-04
   235  0.108030641E+01  0.944709709E-01 -0.708385243E-01  0.107383382E+01 -0.106251407E-02  0.742316419E-04
   236  0.107814222E+01  0.948387200E-01 -0.684810117E-01  0.107177731E+01 -0.105852951E-02  0.740872709E-04
   237  0.107598615E+01  0.951982568E-01 -0.661104667E-01  0.106972561E+01 -0.105455249E-02  0.739363845E-04
   238  0.107383819E+01  0.955495328E-01 -0.637273411E-01  0.106767859E+01 -0.105058458E-02  0.737850361E-04
   239  0.107169831E+01  0.958923516E-01 -0.613320366E-01  0.106563611E+01 -0.104662127E-02  0.736323370E-04
   240  0.106956653E+01  0.962265678E-01 -0.589251833E-01  0.106359806E+01 -0.104267839E-02  0.734717945E-04
   241  0.106744275E+01  0.965520862E-01 -0.565072212E-01  0.106156425E+01 -0.103876743E-02  0.733010989E-04
   242  0.106532693E+01  0.968687144E-01 -0.540786791E-01  0.105953453E+01 -0.103487129E-02  0.731221354E-04
   243  0.106321905E+01  0.971763839E-01 -0.516402196E-01  0.105750876E+01 -0.103098063E-02  0.729340790E-04
   244  0.106111911E+01  0.974749778E-01 -0.491922704E-01  0.105548686E+01 -0.102710206E-02  0.727359676E-04
   245  0.105902706E+01  0.977643316E-01 -0.467353931E-01  0.105346867E+01 -0.102325008E-02  0.725278826E-04
   246  0.105694283E+01  0.980443548E-01 -0.442701448E-01  0.105145405E+01 -0.101942527E-02  0.723210031E-04
   247  0.105486640E+01  0.983149578E-01 -0.417972155E-01  0.104944284E+01 -0.101562759E-02  0.721141455E-04
   248  0.105279767E+01  0.985760032E-01 -0.393171981E-01  0.104743490E+01 -0.101182447E-02  0.718775369E-04
   249  0.105073676E+01  0.988274274E-01 -0.368305901E-01  0.104543024E+01 -0.100802429E-02  0.716291327E-04
   250  0.104868355E+01  0.990691671E-01 -0.343380211E-01  0.104342867E+01 -0.100428486E-02  0.713902817E-04
   251  0.104663789E+01  0.993010873E-01 -0.318401611E-01  0.104142996E+01 -0.100052809E-02  0.711227948E-04
   252  0.104460001E+01  0.995231262E-01 -0.293376295E-01  0.103943429E+01 -0.996792781E-03  0.708431797E-04
   253  0.104256960E+01  0.997352465E-01 -0.268310409E-01  0.103744125E+01 -0.993084173E-03  0.705647948E-04
   254  0.104054686E+01  0.999373393E-01 -0.243210049E-01  0.103545101E+01 -0.989396264E-03  0.702609937E-04
   255  0.103853150E+01  0.100129368E+00 -0.218081714E-01  0.103346320E+01 -0.985708957E-03  0.699541901E-04
   256  0.103652381E+01  0.100311297E+00 -0.192932300E-01  0.103147808E+01 -0.982024527E-03  0.696332012E-04
   257  0.103452349E+01  0.100483067E+00 -0.167767753E-01  0.102949528E+01 -0.978413079E-03  0.692905568E-04
   258  0.103253054E+01  0.100644666E+00 -0.142593974E-01  0.102751478E+01 -0.974761740E-03  0.689422852E-04
   259  0.103054512E+01  0.100796058E+00 -0.117418600E-01  0.102553670E+01 -0.971116694E-03  0.685777061E-04
   260  0.102856704E+01  0.100937210E+00 -0.922483198E-02  0.102356081E+01 -0.967524049E-03  0.681977039E-04
   261  0.102659628E+01  0.101068109E+00 -0.670884361E-02  0.102158708E+01 -0.963939063E-03  0.678058852E-04
   262  0.102463284E+01  0.101188769E+00 -0.419459848E-02  0.101961546E+01 -0.960360664E-03  0.673998931E-04
   263  0.102267669E+01  0.101299154E+00 -0.168270618E-02  0.101764594E+01 -0.956789989E-03  0.669786826E-04
   264  0.102072782E+01  0.101399325E+00  0.826140030E-03  0.101567848E+01 -0.953229189E-03  0.665441909E-04
   265  0.101878620E+01  0.101489247E+00  0.333125228E-02  0.101371306E+01 -0.949680925E-03  0.660952447E-04
   266  0.101685181E+01  0.101568956E+00  0.583212401E-02  0.101174964E+01 -0.946146348E-03  0.656334257E-04
   267  0.101492462E+01  0.101638464E+00  0.832803295E-02  0.100978822E+01 -0.942627630E-03  0.651462859E-04
   268  0.101300459E+01  0.101697806E+00  0.108183501E-01  0.100782877E+01 -0.939125477E-03  0.646579257E-04
   269  0.101109169E+01  0.101747041E+00  0.133025386E-01  0.100587126E+01 -0.935605199E-03  0.641597970E-04
   270  0.100918603E+01  0.101786181E+00  0.157798476E-01  0.100391584E+01 -0.932086541E-03  0.636513348E-04
   271  0.100728750E+01  0.101815307E+00  0.182497498E-01  0.100196242E+01 -0.928620773E-03  0.631156193E-04
   272  0.100539598E+01  0.101834405E+00  0.207116784E-01  0.100001093E+01 -0.925137028E-03  0.625827879E-04
   273  0.100351166E+01  0.101843581E+00  0.231648972E-01  0.998061585E+00 -0.921652198E-03  0.620451123E-04
   274  0.100163437E+01  0.101842912E+00  0.256089791E-01  0.996114256E+00 -0.918195034E-03  0.614762152E-04
   275  0.999764160E+00  0.101832387E+00  0.280432404E-01  0.994169059E+00 -0.914740458E-03  0.609246949E-04
   276  0.997900967E+00  0.101812130E+00  0.304670893E-01  0.992225976E+00 -0.911281880E-03  0.603403695E-04
   277  0.996044874E+00  0.101782218E+00  0.328801106E-01  0.990285145E+00 -0.907847579E-03  0.597662080E-04
   278  0.994195698E+00  0.101742661E+00  0.352815912E-01  0.988346460E+00 -0.904418010E-03  0.591840003E-04
   279  0.992353602E+00  0.101693559E+00  0.376709951E-01  0.986410152E+00 -0.900971081E-03  0.585851986E-04
   280  0.990518494E+00  0.101635057E+00  0.400478331E-01  0.984476192E+00 -0.897563803E-03  0.579923312E-04
   281  0.988690304E+00  0.101567116E+00  0.424115342E-01  0.982544605E+00 -0.894169983E-03  0.574079825E-04
   282  0.986869048E+00  0.101489903E+00  0.447616598E-01  0.980615476E+00 -0.890774371E-03  0.568065484E-04
   283  0.985054717E+00  0.101403492E+00  0.470976039E-01  0.978688890E+00 -0.887383049E-03  0.562047443E-04
   284  0.983247302E+00  0.101307912E+00  0.494188505E-01  0.976764936E+00 -0.883998778E-03  0.556038726E-04
   285  0.981446784E+00  0.101203305E+00  0.517249718E-01  0.974843684E+00 -0.880633443E-03  0.550052903E-04
   286  0.979653104E+00  0.101089698E+00  0.540154164E-01  0.972925183E+00 -0.877281839E-03  0.544108692E-04
   287  0.977866265E+00  0.100967231E+00  0.562897216E-01  0.971009535E+00 -0.873936243E-03  0.538209033E-04
   288  0.976086239E+00  0.100835953E+00  0.585474280E-01  0.969096825E+00 -0.870608938E-03  0.532359780E-04
   289  0.974312980E+00  0.100695980E+00  0.607880795E-01  0.967187114E+00 -0.867307265E-03  0.526539939E-04
   290  0.972546430E+00  0.100547361E+00  0.630111395E-01  0.965280469E+00 -0.864029413E-03  0.520686085E-04
   291  0.970786549E+00  0.100390209E+00  0.652162431E-01  0.963376963E+00 -0.860763178E-03  0.514959674E-04
   292  0.969033330E+00  0.100224616E+00  0.674029861E-01  0.961476707E+00 -0.857494124E-03  0.509423805E-04
   293  0.967286792E+00  0.100050674E+00  0.695708002E-01  0.959579858E+00 -0.854264524E-03  0.503870822E-04
   294  0.965546753E+00  0.998684498E-01  0.717192880E-01  0.957686363E+00 -0.851060998E-03  0.498365591E-04
   295  0.963813290E+00  0.996780776E-01  0.738481386E-01  0.955796417E+00 -0.847863899E-03  0.493122095E-04
   296  0.962086300E+00  0.994796019E-01  0.759569183E-01  0.953910061E+00 -0.844704694E-03  0.487738531E-04
   297  0.960365730E+00  0.992731331E-01  0.780451137E-01  0.952027385E+00 -0.841568365E-03  0.482721524E-04
   298  0.958651541E+00  0.990588029E-01  0.801124638E-01  0.950148475E+00 -0.838448160E-03  0.477570888E-04
   299  0.956943706E+00  0.988366539E-01  0.821585439E-01  0.948273455E+00 -0.835370469E-03  0.472700076E-04
   300  0.955242078E+00  0.986068383E-01  0.841829738E-01  0.946402318E+00 -0.832311599E-03  0.467892665E-04
   301  0.953546728E+00  0.983694196E-01  0.861854172E-01  0.944535279E+00 -0.829268202E-03  0.463119618E-04
   302  0.951857521E+00  0.981245480E-01  0.881654991E-01  0.942672349E+00 -0.826277726E-03  0.458553162E-04
   303  0.950174376E+00  0.978722639E-01  0.901229293E-01  0.940813596E+00 -0.823317476E-03  0.454156939E-04
   304  0.948497251E+00  0.976127597E-01  0.920573786E-01  0.938959117E+00 -0.820378749E-03  0.449745196E-04
   305  0.946826100E+00  0.973461394E-01  0.939685614E-01  0.937109013E+00 -0.817462188E-03  0.445453194E-04
   306  0.945160879E+00  0.970725064E-01  0.958561122E-01  0.935263396E+00 -0.814581442E-03  0.441271547E-04
   307  0.943501485E+00  0.967920281E-01  0.977197904E-01  0.933422304E+00 -0.811739790E-03  0.437190759E-04
   308  0.941847861E+00  0.965048062E-01  0.995593980E-01  0.931585821E+00 -0.808927411E-03  0.433208221E-04
   309  0.940199946E+00  0.962110278E-01  0.101374698E+00  0.929754025E+00 -0.806147977E-03  0.429305381E-04
   310  0.938557667E+00  0.959108355E-01  0.103165413E+00  0.927926992E+00 -0.803397436E-03  0.425492726E-04
   311  0.936920977E+00  0.956043926E-01  0.104931392E+00  0.926104811E+00 -0.800665230E-03  0.421733152E-04
   312  0.935289849E+00  0.952919041E-01  0.106672523E+00  0.924287578E+00 -0.797964070E-03  0.418021993E-04
   313  0.933664184E+00  0.949735735E-01  0.108388615E+00  0.922475331E+00 -0.795303201E-03  0.414333979E-04
   314  0.932043916E+00  0.946495816E-01  0.110079558E+00  0.920668132E+00 -0.792670224E-03  0.410584460E-04
   315  0.930428997E+00  0.943201719E-01  0.111745365E+00  0.918866038E+00 -0.790049818E-03  0.406935484E-04
   316  0.928819424E+00  0.939856075E-01  0.113385968E+00  0.917069163E+00 -0.787439217E-03  0.403259941E-04
   317  0.927215159E+00  0.936461711E-01  0.115001419E+00  0.915277565E+00 -0.784862716E-03  0.399488680E-04
   318  0.925616102E+00  0.933021007E-01  0.116591810E+00  0.913491235E+00 -0.782298330E-03  0.395697639E-04
   319  0.924022304E+00  0.929537389E-01  0.118157193E+00  0.911710315E+00 -0.779735112E-03  0.391830407E-04
   320  0.922433708E+00  0.926014470E-01  0.119697858E+00  0.909934800E+00 -0.777184430E-03  0.387757154E-04
   321  0.920850320E+00  0.922456049E-01  0.121214054E+00  0.908164750E+00 -0.774632023E-03  0.383622127E-04
   322  0.919272142E+00  0.918866110E-01  0.122706027E+00  0.906400216E+00 -0.772076133E-03  0.379235955E-04
   323  0.917699186E+00  0.915249030E-01  0.124174222E+00  0.904641227E+00 -0.769510034E-03  0.374697155E-04
   324  0.916131480E+00  0.911609578E-01  0.125619237E+00  0.902887798E+00 -0.766918769E-03  0.369867043E-04
   325  0.914569100E+00  0.907952697E-01  0.127041507E+00  0.901140007E+00 -0.764319840E-03  0.364817927E-04
   326  0.913012002E+00  0.904282671E-01  0.128441507E+00  0.899397811E+00 -0.761705891E-03  0.359571205E-04
   327  0.911460290E+00  0.900603960E-01  0.129819863E+00  0.897661288E+00 -0.759061448E-03  0.354096704E-04
   328  0.909913985E+00  0.896919951E-01  0.131177001E+00  0.895930466E+00 -0.756411367E-03  0.348439373E-04
   329  0.908373089E+00  0.893234633E-01  0.132513424E+00  0.894205335E+00 -0.753753525E-03  0.342623976E-04
   330  0.906837631E+00  0.889550926E-01  0.133829551E+00  0.892485928E+00 -0.751079579E-03  0.336654513E-04
   331  0.905307649E+00  0.885871732E-01  0.135125800E+00  0.890772289E+00 -0.748381729E-03  0.330528711E-04
   332  0.903783202E+00  0.882200345E-01  0.136402701E+00  0.889064455E+00 -0.745671170E-03  0.324251953E-04
   333  0.902264283E+00  0.878539004E-01  0.137660628E+00  0.887362429E+00 -0.742958967E-03  0.317884186E-04
   334  0.900750906E+00  0.874889724E-01  0.138899949E+00  0.885666234E+00 -0.740233900E-03  0.311412343E-04
   335  0.899243108E+00  0.871254715E-01  0.140121109E+00  0.883975902E+00 -0.737499029E-03  0.304834252E-04
   336  0.897740893E+00  0.867635963E-01  0.141324355E+00  0.882291458E+00 -0.734757572E-03  0.298174901E-04
   337  0.896244285E+00  0.864035032E-01  0.142510088E+00  0.880612927E+00 -0.732002779E-03  0.291430924E-04
   338  0.894753313E+00  0.860453473E-01  0.143678706E+00  0.878940339E+00 -0.729242614E-03  0.284632641E-04
   339  0.893267970E+00  0.856892418E-01  0.144830413E+00  0.877273715E+00 -0.726478164E-03  0.277772313E-04
   340  0.891788281E+00  0.853353195E-01  0.145965562E+00  0.875613086E+00 -0.723708683E-03  0.270850567E-04
   341  0.890314241E+00  0.849836921E-01  0.147084353E+00  0.873958473E+00 -0.720936033E-03  0.263904709E-04
   342  0.888845868E+00  0.846344092E-01  0.148187099E+00  0.872309909E+00 -0.718147781E-03  0.256913239E-04
   343  0.887383208E+00  0.842875810E-01  0.149274111E+00  0.870667446E+00 -0.715361187E-03  0.249893668E-04
   344  0.885926209E+00  0.839432563E-01  0.150345467E+00  0.869031080E+00 -0.712584396E-03  0.242873243E-04
   345  0.884474882E+00  0.836014833E-01  0.151401437E+00  0.867400838E+00 -0.709801164E-03  0.235850338E-04
   346  0.883029242E+00  0.832623303E-01  0.152442328E+00  0.865776739E+00 -0.707007075E-03  0.228766984E-04
   347  0.881589318E+00  0.829258246E-01  0.153468213E+00  0.864158864E+00 -0.704215332E-03  0.221686214E-04
   348  0.880155072E+00  0.825919733E-01  0.154479283E+00  0.862547198E+00 -0.701435389E-03  0.214652026E-04
   349  0.878726495E+00  0.822608437E-01  0.155475725E+00  0.860941755E+00 -0.698645974E-03  0.207570661E-04
   350  0.877303634E+00  0.819324022E-01  0.156457687E+00  0.859342621E+00 -0.695855011E-03  0.200467469E-04
   351  0.875886448E+00  0.816067157E-01  0.157425317E+00  0.857749779E+00 -0.693077265E-03  0.193460083E-04
   352  0.874474923E+00  0.812837306E-01  0.158378724E+00  0.856163259E+00 -0.690294475E-03  0.186403226E-04
   353  0.873069095E+00  0.809634333E-01  0.159318054E+00  0.854583129E+00 -0.687517399E-03  0.179406078E-04
   354  0.871668905E+00  0.806458907E-01  0.160243413E+00  0.853009360E+00 -0.684738667E-03  0.172336953E-04
   355  0.870274417E+00  0.803310691E-01  0.161154947E+00  0.851442050E+00 -0.681965901E-03  0.165368526E-04
   356  0.868885544E+00  0.800189352E-01  0.162052685E+00  0.849881160E+00 -0.679200847E-03  0.158356640E-04
   357  0.867502342E+00  0.797094958E-01  0.162936770E+00  0.848326776E+00 -0.676433446E-03  0.151427843E-04
   358  0.866124763E+00  0.794027375E-01  0.163807269E+00  0.846778890E+00 -0.673682251E-03  0.144439623E-04
   359  0.864752790E+00  0.790986075E-01  0.164664212E+00  0.845237537E+00 -0.670926786E-03  0.137560354E-04
   360  0.863386457E+00  0.787971327E-01  0.165507740E+00  0.843702776E+00 -0.668175919E-03  0.130634613E-04
   361  0.862025711E+00  0.784983000E-01  0.166337917E+00  0.842174590E+00 -0.665435894E-03  0.123720181E-04
   362  0.860670562E+00  0.782020373E-01  0.167154810E+00  0.840653036E+00 -0.662693671E-03  0.116910755E-04
   363  0.859321007E+00  0.779083518E-01  0.167958445E+00  0.839138155E+00 -0.659961871E-03  0.110054802E-04
   364  0.857977007E+00  0.776172507E-01  0.168748888E+00  0.837629943E+00 -0.657242207E-03  0.103192107E-04
   365  0.856638553E+00  0.773286821E-01  0.169526201E+00  0.836128431E+00 -0.654521461E-03  0.964057710E-05
   366  0.855305658E+00  0.770426142E-01  0.170290413E+00  0.834633680E+00 -0.651804366E-03  0.896545052E-05
   367  0.853978293E+00  0.767590545E-01  0.171041549E+00  0.833145702E+00 -0.649099139E-03  0.828830596E-05
   368  0.852656439E+00  0.764779712E-01  0.171779673E+00  0.831664515E+00 -0.646403105E-03  0.761213192E-05
   369  0.851340077E+00  0.761993329E-01  0.172504811E+00  0.830190147E+00 -0.643710331E-03  0.693800457E-05
   370  0.850029213E+00  0.759231279E-01  0.173217061E+00  0.828722627E+00 -0.641022944E-03  0.626437914E-05
   371  0.848723820E+00  0.756493445E-01  0.173916377E+00  0.827261986E+00 -0.638343654E-03  0.559443615E-05
   372  0.847423891E+00  0.753779709E-01  0.174602820E+00  0.825808252E+00 -0.635666863E-03  0.492666908E-05
   373  0.846129423E+00  0.751089570E-01  0.175276415E+00  0.824361465E+00 -0.632998314E-03  0.425948979E-05
   374  0.844840386E+00  0.748423301E-01  0.175937151E+00  0.822921638E+00 -0.630336417E-03  0.359220241E-05
   375  0.843556782E+00  0.745780402E-01  0.176585162E+00  0.821488795E+00 -0.627680509E-03  0.292587697E-05
   376  0.842278584E+00  0.743160954E-01  0.177220364E+00  0.820062969E+00 -0.625035403E-03  0.225849964E-05
   377  0.841005776E+00  0.740564846E-01  0.177842781E+00  0.818644183E+00 -0.622395568E-03  0.159270100E-05
   378  0.839738352E+00  0.737991581E-01  0.178452474E+00  0.817232463E+00 -0.619757318E-03  0.924277110E-06
   379  0.838476312E+00  0.735441821E-01  0.179049468E+00  0.815827842E+00 -0.617123039E-03  0.254554010E-06
   380  0.837219640E+00  0.732914877E-01  0.179633750E+00  0.814430352E+00 -0.614493177E-03 -0.413034920E-06
   381  0.835968333E+00  0.730410642E-01  0.180205381E+00  0.813040022E+00 -0.611869504E-03 -0.108478425E-05
   382  0.834722369E+00  0.727929774E-01  0.180764312E+00  0.811656873E+00 -0.609252787E-03 -0.175569398E-05
   383  0.833481742E+00  0.725471398E-01  0.181310603E+00  0.810280934E+00 -0.606639773E-03 -0.242724570E-05
   384  0.832246442E+00  0.723035981E-01  0.181844242E+00  0.808912234E+00 -0.604029885E-03 -0.310284430E-05
   385  0.831016467E+00  0.720623414E-01  0.182365253E+00  0.807550805E+00 -0.601421370E-03 -0.378056586E-05
   386  0.829791814E+00  0.718233590E-01  0.182873660E+00  0.806196679E+00 -0.598810196E-03 -0.446428603E-05
   387  0.828572496E+00  0.715866782E-01  0.183369414E+00  0.804849916E+00 -0.596194635E-03 -0.515437061E-05
   388  0.827358519E+00  0.713522882E-01  0.183852610E+00  0.803510539E+00 -0.593585048E-03 -0.584396588E-05
   389  0.826149851E+00  0.711201783E-01  0.184323165E+00  0.802178576E+00 -0.590978908E-03 -0.653915121E-05
   390  0.824946510E+00  0.708903756E-01  0.184781137E+00  0.800854063E+00 -0.588358163E-03 -0.724290711E-05
   391  0.823748539E+00  0.706628881E-01  0.185226515E+00  0.799537085E+00 -0.585729114E-03 -0.795720585E-05
   392  0.822555928E+00  0.704377240E-01  0.185659250E+00  0.798227677E+00 -0.583098024E-03 -0.867616494E-05
   393  0.821368695E+00  0.702148913E-01  0.186079436E+00  0.796925872E+00 -0.580452887E-03 -0.940571858E-05
   394  0.820186880E+00  0.699944166E-01  0.186487027E+00  0.795631754E+00 -0.577789662E-03 -0.101479522E-04
   395  0.819010517E+00  0.697762702E-01  0.186881939E+00  0.794345416E+00 -0.575113664E-03 -0.108987996E-04
   396  0.817839624E+00  0.695604976E-01  0.187264266E+00  0.793066884E+00 -0.572412031E-03 -0.116663593E-04
   397  0.816674287E+00  0.693471251E-01  0.187633961E+00  0.791796290E+00 -0.569679856E-03 -0.124519800E-04
   398  0.815514545E+00  0.691361416E-01  0.187990941E+00  0.790533726E+00 -0.566927584E-03 -0.132525616E-04
   399  0.814360441E+00  0.689275734E-01  0.188335231E+00  0.789279265E+00 -0.564120807E-03 -0.140767233E-04
   400  0.813212154E+00  0.687214279E-01  0.188666817E+00  0.788033124E+00 -0.561267143E-03 -0.149243786E-04
   401  0.812069698E+00  0.685177683E-01  0.188985655E+00  0.786795356E+00 -0.558364848E-03 -0.158000420E-04
   402  0.810933256E+00  0.683165832E-01  0.189291663E+00  0.785566201E+00 -0.555391468E-03 -0.167068077E-04
   403  0.809802935E+00  0.681178797E-01  0.189584829E+00  0.784345804E+00 -0.552340021E-03 -0.176480919E-04
   404  0.808678948E+00  0.679217019E-01  0.189865108E+00  0.783134422E+00 -0.549193785E-03 -0.186333278E-04
   405  0.807561467E+00  0.677280753E-01  0.190132386E+00  0.781932291E+00 -0.545940311E-03 -0.196662803E-04
   406  0.806450759E+00  0.675370617E-01  0.190386618E+00  0.780739718E+00 -0.542524752E-03 -0.207585661E-04
   407  0.805347219E+00  0.673487230E-01  0.190628208E+00  0.779557040E+00 -0.538597368E-03 -0.220174430E-04
   408  0.804252539E+00  0.671646257E-01  0.190861811E+00  0.778384756E+00 -0.533238217E-03 -0.237833722E-04
   409  0.803170872E+00  0.669894432E-01  0.191100573E+00  0.777223542E+00 -0.525089167E-03 -0.265354390E-04
   410  0.802109451E+00  0.668313528E-01  0.191367624E+00  0.776074465E+00 -0.512649973E-03 -0.308017588E-04
   411  0.801078553E+00  0.667021195E-01  0.191696890E+00  0.774938693E+00 -0.493701160E-03 -0.371892302E-04
   412  0.800094470E+00  0.666180904E-01  0.192141229E+00  0.773818415E+00 -0.458365482E-03 -0.485319155E-04
   413  0.799207790E+00  0.666257417E-01  0.192851711E+00  0.772723961E+00 -0.377568085E-03 -0.750453134E-04
   414  0.798553472E+00  0.668512092E-01  0.194196986E+00  0.771690414E+00 -0.233876980E-03 -0.128169251E-03
   415  0.798253250E+00  0.674398737E-01  0.196424673E+00  0.770764207E+00 -0.134634615E-03 -0.169766647E-03
   416  0.798003977E+00  0.680393118E-01  0.198647646E+00  0.769883181E+00 -0.220099759E-03 -0.135200175E-03
   417  0.797354940E+00  0.681552746E-01  0.199679126E+00  0.768933030E+00 -0.446066256E-03 -0.453764078E-04
   418  0.796183412E+00  0.677640631E-01  0.199458809E+00  0.767810029E+00 -0.608457346E-03  0.862306020E-05
   419  0.794871595E+00  0.673607619E-01  0.198757201E+00  0.766667435E+00 -0.639999088E-03  0.995386888E-05
   420  0.793571334E+00  0.669571988E-01  0.198087646E+00  0.765528236E+00 -0.635369838E-03  0.990974255E-05
   421  0.792278410E+00  0.665597122E-01  0.197431295E+00  0.764392417E+00 -0.632159861E-03  0.920109971E-05
   422  0.790991250E+00  0.661715110E-01  0.196780882E+00  0.763259964E+00 -0.629477460E-03  0.818425096E-05
   423  0.789709275E+00  0.657941337E-01  0.196133678E+00  0.762130862E+00 -0.626981964E-03  0.703327083E-05
   424  0.788432300E+00  0.654282492E-01  0.195488824E+00  0.761005095E+00 -0.624540881E-03  0.582787958E-05
   425  0.787160287E+00  0.650741468E-01  0.194846176E+00  0.759882649E+00 -0.622118230E-03  0.460266108E-05
   426  0.785893200E+00  0.647319173E-01  0.194205656E+00  0.758763510E+00 -0.619706969E-03  0.337331654E-05
   427  0.784631029E+00  0.644015797E-01  0.193567322E+00  0.757647662E+00 -0.617301062E-03  0.214240932E-05
   428  0.783373761E+00  0.640831298E-01  0.192931225E+00  0.756535091E+00 -0.614904965E-03  0.912169669E-06
   429  0.782121369E+00  0.637765474E-01  0.192297359E+00  0.755425783E+00 -0.612518130E-03 -0.318979606E-06
   430  0.780873842E+00  0.634818246E-01  0.191665780E+00  0.754319723E+00 -0.610143750E-03 -0.155185465E-05
   431  0.779631141E+00  0.631989503E-01  0.191036422E+00  0.753216897E+00 -0.607785460E-03 -0.278800853E-05
   432  0.778393240E+00  0.629279328E-01  0.190409272E+00  0.752117292E+00 -0.605440681E-03 -0.402936973E-05
   433  0.777160109E+00  0.626687840E-01  0.189784293E+00  0.751020892E+00 -0.603111197E-03 -0.527702839E-05
   434  0.775931715E+00  0.624215279E-01  0.189161433E+00  0.749927684E+00 -0.600797462E-03 -0.653260390E-05
   435  0.774708027E+00  0.621861974E-01  0.188540635E+00  0.748837655E+00 -0.598499625E-03 -0.779714399E-05
   436  0.773489012E+00  0.619628321E-01  0.187921836E+00  0.747750789E+00 -0.596217766E-03 -0.907144933E-05
   437  0.772274637E+00  0.617514732E-01  0.187304969E+00  0.746667074E+00 -0.593952068E-03 -0.103569309E-04
   438  0.771064869E+00  0.615521827E-01  0.186689954E+00  0.745586495E+00 -0.591702487E-03 -0.116546100E-04
   439  0.769859675E+00  0.613650153E-01  0.186076716E+00  0.744509040E+00 -0.589469031E-03 -0.129652351E-04
   440  0.768659023E+00  0.611900428E-01  0.185465166E+00  0.743434694E+00 -0.587252443E-03 -0.142896532E-04
   441  0.767462876E+00  0.610273314E-01  0.184855207E+00  0.742363444E+00 -0.585052667E-03 -0.156287200E-04
   442  0.766271201E+00  0.608769644E-01  0.184246740E+00  0.741295277E+00 -0.582869720E-03 -0.169836136E-04
   443  0.765083964E+00  0.607390245E-01  0.183639658E+00  0.740230180E+00 -0.580703811E-03 -0.183549013E-04
   444  0.763901129E+00  0.606136009E-01  0.183033849E+00  0.739168139E+00 -0.578555218E-03 -0.197434539E-04
   445  0.762722661E+00  0.605007878E-01  0.182429190E+00  0.738109141E+00 -0.576424167E-03 -0.211502741E-04
   446  0.761548524E+00  0.604006871E-01  0.181825555E+00  0.737053173E+00 -0.574311049E-03 -0.225763558E-04
   447  0.760378681E+00  0.603134057E-01  0.181222803E+00  0.736000222E+00 -0.572216141E-03 -0.240223814E-04
   448  0.759213094E+00  0.602390531E-01  0.180620794E+00  0.734950275E+00 -0.186304387E+00 -0.254891023E-04
   449  0.000000000E+00  0.601777434E-01  0.180191738E+00  0.733903320E+00  0.000000000E+00  0.000000000E+00
