 dt,beta=     50.00000000000000        1.2400000000000000E-003
 imx,jmx,kmx,ntracer=           449          433           64           10
 a,rmaj0,lx,lz=     360.0000000000000         1000.000000000000      
    916.2694269025138         1663.281695160648     
 xctr,xdim=    974.4050594780263         916.2694269025138     
 inner,outer =     516.2703460267694         1432.539772929283     
 mi,qi=    1.000000000000000         1.000000000000000     
 mm(1)=           10
      1  0.520E+03  0.675E+03  0.328E+03  0.927E+03  0.000E+00  0.000E+00  0.000E+00  0.000E+00  0.000E+00  0.000E+00  0.000E+00  0.000E+00  0.000E+00  0.000E+00
 dt,beta=     50.00000000000000        1.2400000000000000E-003
 imx,jmx,kmx,ntracer=           449          433           64           10
 a,rmaj0,lx,lz=     360.0000000000000         1000.000000000000      
    916.2694269025138         1663.281695160648     
 xctr,xdim=    974.4050594780263         916.2694269025138     
 inner,outer =     516.2703460267694         1432.539772929283     
 mi,qi=    1.000000000000000         1.000000000000000     
 mm(1)=           10
      1  0.512E+03  0.674E+03  0.328E+03  0.929E+03  0.000E+00  0.000E+00  0.000E+00  0.000E+00  0.000E+00  0.000E+00  0.000E+00  0.000E+00  0.000E+00  0.000E+00
      2  0.503E+03  0.674E+03  0.328E+03  0.932E+03  0.000E+00  0.000E+00  0.000E+00  0.000E+00  0.000E+00  0.000E+00  0.000E+00  0.000E+00  0.000E+00  0.000E+00
      3  0.495E+03  0.675E+03  0.328E+03  0.934E+03  0.000E+00  0.000E+00  0.000E+00  0.000E+00  0.000E+00  0.000E+00  0.000E+00  0.000E+00  0.000E+00  0.000E+00
      4  0.486E+03  0.675E+03  0.328E+03  0.936E+03  0.000E+00  0.000E+00  0.000E+00  0.000E+00  0.000E+00  0.000E+00  0.000E+00  0.000E+00  0.000E+00  0.000E+00
      5  0.478E+03  0.677E+03  0.327E+03  0.938E+03  0.000E+00  0.000E+00  0.000E+00  0.000E+00  0.000E+00  0.000E+00  0.000E+00  0.000E+00  0.000E+00  0.000E+00
      6  0.471E+03  0.679E+03  0.327E+03  0.940E+03  0.000E+00  0.000E+00  0.000E+00  0.000E+00  0.000E+00  0.000E+00  0.000E+00  0.000E+00  0.000E+00  0.000E+00
      7  0.463E+03  0.681E+03  0.327E+03  0.942E+03  0.000E+00  0.000E+00  0.000E+00  0.000E+00  0.000E+00  0.000E+00  0.000E+00  0.000E+00  0.000E+00  0.000E+00
      8  0.455E+03  0.684E+03  0.327E+03  0.944E+03  0.000E+00  0.000E+00  0.000E+00  0.000E+00  0.000E+00  0.000E+00  0.000E+00  0.000E+00  0.000E+00  0.000E+00
      9  0.448E+03  0.687E+03  0.327E+03  0.946E+03  0.000E+00  0.000E+00  0.000E+00  0.000E+00  0.000E+00  0.000E+00  0.000E+00  0.000E+00  0.000E+00  0.000E+00
     10  0.441E+03  0.690E+03  0.327E+03  0.948E+03  0.000E+00  0.000E+00  0.000E+00  0.000E+00  0.000E+00  0.000E+00  0.000E+00  0.000E+00  0.000E+00  0.000E+00
     11  0.434E+03  0.694E+03  0.327E+03  0.950E+03  0.000E+00  0.000E+00  0.000E+00  0.000E+00  0.000E+00  0.000E+00  0.000E+00  0.000E+00  0.000E+00  0.000E+00
     12  0.427E+03  0.699E+03  0.327E+03  0.952E+03  0.000E+00  0.000E+00  0.000E+00  0.000E+00  0.000E+00  0.000E+00  0.000E+00  0.000E+00  0.000E+00  0.000E+00
     13  0.421E+03  0.704E+03  0.327E+03  0.954E+03  0.000E+00  0.000E+00  0.000E+00  0.000E+00  0.000E+00  0.000E+00  0.000E+00  0.000E+00  0.000E+00  0.000E+00
     14  0.414E+03  0.709E+03  0.326E+03  0.956E+03  0.000E+00  0.000E+00  0.000E+00  0.000E+00  0.000E+00  0.000E+00  0.000E+00  0.000E+00  0.000E+00  0.000E+00
     15  0.408E+03  0.715E+03  0.326E+03  0.958E+03  0.000E+00  0.000E+00  0.000E+00  0.000E+00  0.000E+00  0.000E+00  0.000E+00  0.000E+00  0.000E+00  0.000E+00
     16  0.402E+03  0.721E+03  0.326E+03  0.961E+03  0.000E+00  0.000E+00  0.000E+00  0.000E+00  0.000E+00  0.000E+00  0.000E+00  0.000E+00  0.000E+00  0.000E+00
     17  0.396E+03  0.727E+03  0.326E+03  0.963E+03  0.000E+00  0.000E+00  0.000E+00  0.000E+00  0.000E+00  0.000E+00  0.000E+00  0.000E+00  0.000E+00  0.000E+00
     18  0.390E+03  0.734E+03  0.326E+03  0.965E+03  0.000E+00  0.000E+00  0.000E+00  0.000E+00  0.000E+00  0.000E+00  0.000E+00  0.000E+00  0.000E+00  0.000E+00
     19  0.385E+03  0.741E+03  0.326E+03  0.967E+03  0.000E+00  0.000E+00  0.000E+00  0.000E+00  0.000E+00  0.000E+00  0.000E+00  0.000E+00  0.000E+00  0.000E+00
     20  0.380E+03  0.749E+03  0.326E+03  0.969E+03  0.000E+00  0.000E+00  0.000E+00  0.000E+00  0.000E+00  0.000E+00  0.000E+00  0.000E+00  0.000E+00  0.000E+00
 dt,beta=     50.00000000000000        1.2400000000000000E-003
 imx,jmx,kmx,ntracer=           449          433           64           10
 a,rmaj0,lx,lz=     360.0000000000000         1000.000000000000      
    916.2694269025138         1663.281695160648     
 xctr,xdim=    974.4050594780263         916.2694269025138     
 inner,outer =     516.2703460267694         1432.539772929283     
 mi,qi=    1.000000000000000         1.000000000000000     
 mm(1)=           10
      1  0.512E+03  0.674E+03  0.328E+03  0.929E+03  0.000E+00  0.000E+00  0.000E+00  0.000E+00  0.000E+00  0.000E+00  0.000E+00  0.000E+00  0.000E+00  0.000E+00
      2  0.503E+03  0.674E+03  0.328E+03  0.932E+03  0.000E+00  0.000E+00  0.000E+00  0.000E+00  0.000E+00  0.000E+00  0.000E+00  0.000E+00  0.000E+00  0.000E+00
      3  0.495E+03  0.675E+03  0.328E+03  0.934E+03  0.000E+00  0.000E+00  0.000E+00  0.000E+00  0.000E+00  0.000E+00  0.000E+00  0.000E+00  0.000E+00  0.000E+00
      4  0.486E+03  0.675E+03  0.328E+03  0.936E+03  0.000E+00  0.000E+00  0.000E+00  0.000E+00  0.000E+00  0.000E+00  0.000E+00  0.000E+00  0.000E+00  0.000E+00
      5  0.478E+03  0.677E+03  0.327E+03  0.938E+03  0.000E+00  0.000E+00  0.000E+00  0.000E+00  0.000E+00  0.000E+00  0.000E+00  0.000E+00  0.000E+00  0.000E+00
      6  0.471E+03  0.679E+03  0.327E+03  0.940E+03  0.000E+00  0.000E+00  0.000E+00  0.000E+00  0.000E+00  0.000E+00  0.000E+00  0.000E+00  0.000E+00  0.000E+00
      7  0.463E+03  0.681E+03  0.327E+03  0.942E+03  0.000E+00  0.000E+00  0.000E+00  0.000E+00  0.000E+00  0.000E+00  0.000E+00  0.000E+00  0.000E+00  0.000E+00
      8  0.455E+03  0.684E+03  0.327E+03  0.944E+03  0.000E+00  0.000E+00  0.000E+00  0.000E+00  0.000E+00  0.000E+00  0.000E+00  0.000E+00  0.000E+00  0.000E+00
      9  0.448E+03  0.687E+03  0.327E+03  0.946E+03  0.000E+00  0.000E+00  0.000E+00  0.000E+00  0.000E+00  0.000E+00  0.000E+00  0.000E+00  0.000E+00  0.000E+00
     10  0.441E+03  0.690E+03  0.327E+03  0.948E+03  0.000E+00  0.000E+00  0.000E+00  0.000E+00  0.000E+00  0.000E+00  0.000E+00  0.000E+00  0.000E+00  0.000E+00
     11  0.434E+03  0.694E+03  0.327E+03  0.950E+03  0.000E+00  0.000E+00  0.000E+00  0.000E+00  0.000E+00  0.000E+00  0.000E+00  0.000E+00  0.000E+00  0.000E+00
     12  0.427E+03  0.699E+03  0.327E+03  0.952E+03  0.000E+00  0.000E+00  0.000E+00  0.000E+00  0.000E+00  0.000E+00  0.000E+00  0.000E+00  0.000E+00  0.000E+00
     13  0.421E+03  0.704E+03  0.327E+03  0.954E+03  0.000E+00  0.000E+00  0.000E+00  0.000E+00  0.000E+00  0.000E+00  0.000E+00  0.000E+00  0.000E+00  0.000E+00
     14  0.414E+03  0.709E+03  0.326E+03  0.956E+03  0.000E+00  0.000E+00  0.000E+00  0.000E+00  0.000E+00  0.000E+00  0.000E+00  0.000E+00  0.000E+00  0.000E+00
     15  0.408E+03  0.715E+03  0.326E+03  0.958E+03  0.000E+00  0.000E+00  0.000E+00  0.000E+00  0.000E+00  0.000E+00  0.000E+00  0.000E+00  0.000E+00  0.000E+00
     16  0.402E+03  0.721E+03  0.326E+03  0.961E+03  0.000E+00  0.000E+00  0.000E+00  0.000E+00  0.000E+00  0.000E+00  0.000E+00  0.000E+00  0.000E+00  0.000E+00
     17  0.396E+03  0.727E+03  0.326E+03  0.963E+03  0.000E+00  0.000E+00  0.000E+00  0.000E+00  0.000E+00  0.000E+00  0.000E+00  0.000E+00  0.000E+00  0.000E+00
     18  0.390E+03  0.734E+03  0.326E+03  0.965E+03  0.000E+00  0.000E+00  0.000E+00  0.000E+00  0.000E+00  0.000E+00  0.000E+00  0.000E+00  0.000E+00  0.000E+00
     19  0.385E+03  0.741E+03  0.326E+03  0.967E+03  0.000E+00  0.000E+00  0.000E+00  0.000E+00  0.000E+00  0.000E+00  0.000E+00  0.000E+00  0.000E+00  0.000E+00
     20  0.380E+03  0.749E+03  0.326E+03  0.969E+03  0.000E+00  0.000E+00  0.000E+00  0.000E+00  0.000E+00  0.000E+00  0.000E+00  0.000E+00  0.000E+00  0.000E+00
 dt,beta=     50.00000000000000        1.2400000000000000E-003
 imx,jmx,kmx,ntracer=           449          433           64           10
 a,rmaj0,lx,lz=     360.0000000000000         1000.000000000000      
    916.2694269025138         1663.281695160648     
 xctr,xdim=    974.4050594780263         916.2694269025138     
 inner,outer =     516.2703460267694         1432.539772929283     
 mi,qi=    1.000000000000000         1.000000000000000     
 mm(1)=           10
      1  0.512E+03  0.674E+03  0.328E+03  0.929E+03  0.000E+00  0.000E+00  0.000E+00  0.000E+00  0.000E+00  0.000E+00  0.000E+00  0.000E+00  0.000E+00  0.000E+00
      2  0.503E+03  0.674E+03  0.328E+03  0.932E+03  0.000E+00  0.000E+00  0.000E+00  0.000E+00  0.000E+00  0.000E+00  0.000E+00  0.000E+00  0.000E+00  0.000E+00
      3  0.495E+03  0.675E+03  0.328E+03  0.934E+03  0.000E+00  0.000E+00  0.000E+00  0.000E+00  0.000E+00  0.000E+00  0.000E+00  0.000E+00  0.000E+00  0.000E+00
      4  0.486E+03  0.675E+03  0.328E+03  0.936E+03  0.000E+00  0.000E+00  0.000E+00  0.000E+00  0.000E+00  0.000E+00  0.000E+00  0.000E+00  0.000E+00  0.000E+00
      5  0.478E+03  0.677E+03  0.327E+03  0.938E+03  0.000E+00  0.000E+00  0.000E+00  0.000E+00  0.000E+00  0.000E+00  0.000E+00  0.000E+00  0.000E+00  0.000E+00
      6  0.471E+03  0.679E+03  0.327E+03  0.940E+03  0.000E+00  0.000E+00  0.000E+00  0.000E+00  0.000E+00  0.000E+00  0.000E+00  0.000E+00  0.000E+00  0.000E+00
      7  0.463E+03  0.681E+03  0.327E+03  0.942E+03  0.000E+00  0.000E+00  0.000E+00  0.000E+00  0.000E+00  0.000E+00  0.000E+00  0.000E+00  0.000E+00  0.000E+00
      8  0.455E+03  0.684E+03  0.327E+03  0.944E+03  0.000E+00  0.000E+00  0.000E+00  0.000E+00  0.000E+00  0.000E+00  0.000E+00  0.000E+00  0.000E+00  0.000E+00
      9  0.448E+03  0.687E+03  0.327E+03  0.946E+03  0.000E+00  0.000E+00  0.000E+00  0.000E+00  0.000E+00  0.000E+00  0.000E+00  0.000E+00  0.000E+00  0.000E+00
     10  0.441E+03  0.690E+03  0.327E+03  0.948E+03  0.000E+00  0.000E+00  0.000E+00  0.000E+00  0.000E+00  0.000E+00  0.000E+00  0.000E+00  0.000E+00  0.000E+00
     11  0.434E+03  0.694E+03  0.327E+03  0.950E+03  0.000E+00  0.000E+00  0.000E+00  0.000E+00  0.000E+00  0.000E+00  0.000E+00  0.000E+00  0.000E+00  0.000E+00
     12  0.427E+03  0.699E+03  0.327E+03  0.952E+03  0.000E+00  0.000E+00  0.000E+00  0.000E+00  0.000E+00  0.000E+00  0.000E+00  0.000E+00  0.000E+00  0.000E+00
     13  0.421E+03  0.704E+03  0.327E+03  0.954E+03  0.000E+00  0.000E+00  0.000E+00  0.000E+00  0.000E+00  0.000E+00  0.000E+00  0.000E+00  0.000E+00  0.000E+00
     14  0.414E+03  0.709E+03  0.326E+03  0.956E+03  0.000E+00  0.000E+00  0.000E+00  0.000E+00  0.000E+00  0.000E+00  0.000E+00  0.000E+00  0.000E+00  0.000E+00
     15  0.408E+03  0.715E+03  0.326E+03  0.958E+03  0.000E+00  0.000E+00  0.000E+00  0.000E+00  0.000E+00  0.000E+00  0.000E+00  0.000E+00  0.000E+00  0.000E+00
     16  0.402E+03  0.721E+03  0.326E+03  0.961E+03  0.000E+00  0.000E+00  0.000E+00  0.000E+00  0.000E+00  0.000E+00  0.000E+00  0.000E+00  0.000E+00  0.000E+00
     17  0.396E+03  0.727E+03  0.326E+03  0.963E+03  0.000E+00  0.000E+00  0.000E+00  0.000E+00  0.000E+00  0.000E+00  0.000E+00  0.000E+00  0.000E+00  0.000E+00
     18  0.390E+03  0.734E+03  0.326E+03  0.965E+03  0.000E+00  0.000E+00  0.000E+00  0.000E+00  0.000E+00  0.000E+00  0.000E+00  0.000E+00  0.000E+00  0.000E+00
     19  0.385E+03  0.741E+03  0.326E+03  0.967E+03  0.000E+00  0.000E+00  0.000E+00  0.000E+00  0.000E+00  0.000E+00  0.000E+00  0.000E+00  0.000E+00  0.000E+00
     20  0.380E+03  0.749E+03  0.326E+03  0.969E+03  0.000E+00  0.000E+00  0.000E+00  0.000E+00  0.000E+00  0.000E+00  0.000E+00  0.000E+00  0.000E+00  0.000E+00
 dt,beta=     50.00000000000000        1.2400000000000000E-003
 imx,jmx,kmx,ntracer=           449          433           64           10
 a,rmaj0,lx,lz=     360.0000000000000         1000.000000000000      
    916.2694269025138         1663.281695160648     
 xctr,xdim=    974.4050594780263         916.2694269025138     
 inner,outer =     516.2703460267694         1432.539772929283     
 mi,qi=    1.000000000000000         1.000000000000000     
 mm(1)=           10
      1  0.512E+03  0.674E+03  0.328E+03  0.929E+03  0.000E+00  0.000E+00  0.000E+00  0.000E+00  0.000E+00  0.000E+00  0.000E+00  0.000E+00  0.000E+00  0.000E+00
      2  0.503E+03  0.674E+03  0.328E+03  0.932E+03  0.000E+00  0.000E+00  0.000E+00  0.000E+00  0.000E+00  0.000E+00  0.000E+00  0.000E+00  0.000E+00  0.000E+00
      3  0.495E+03  0.675E+03  0.328E+03  0.934E+03  0.000E+00  0.000E+00  0.000E+00  0.000E+00  0.000E+00  0.000E+00  0.000E+00  0.000E+00  0.000E+00  0.000E+00
      4  0.486E+03  0.675E+03  0.328E+03  0.936E+03  0.000E+00  0.000E+00  0.000E+00  0.000E+00  0.000E+00  0.000E+00  0.000E+00  0.000E+00  0.000E+00  0.000E+00
      5  0.478E+03  0.677E+03  0.327E+03  0.938E+03  0.000E+00  0.000E+00  0.000E+00  0.000E+00  0.000E+00  0.000E+00  0.000E+00  0.000E+00  0.000E+00  0.000E+00
      6  0.471E+03  0.679E+03  0.327E+03  0.940E+03  0.000E+00  0.000E+00  0.000E+00  0.000E+00  0.000E+00  0.000E+00  0.000E+00  0.000E+00  0.000E+00  0.000E+00
      7  0.463E+03  0.681E+03  0.327E+03  0.942E+03  0.000E+00  0.000E+00  0.000E+00  0.000E+00  0.000E+00  0.000E+00  0.000E+00  0.000E+00  0.000E+00  0.000E+00
      8  0.455E+03  0.684E+03  0.327E+03  0.944E+03  0.000E+00  0.000E+00  0.000E+00  0.000E+00  0.000E+00  0.000E+00  0.000E+00  0.000E+00  0.000E+00  0.000E+00
      9  0.448E+03  0.687E+03  0.327E+03  0.946E+03  0.000E+00  0.000E+00  0.000E+00  0.000E+00  0.000E+00  0.000E+00  0.000E+00  0.000E+00  0.000E+00  0.000E+00
     10  0.441E+03  0.690E+03  0.327E+03  0.948E+03  0.000E+00  0.000E+00  0.000E+00  0.000E+00  0.000E+00  0.000E+00  0.000E+00  0.000E+00  0.000E+00  0.000E+00
     11  0.434E+03  0.694E+03  0.327E+03  0.950E+03  0.000E+00  0.000E+00  0.000E+00  0.000E+00  0.000E+00  0.000E+00  0.000E+00  0.000E+00  0.000E+00  0.000E+00
     12  0.427E+03  0.699E+03  0.327E+03  0.952E+03  0.000E+00  0.000E+00  0.000E+00  0.000E+00  0.000E+00  0.000E+00  0.000E+00  0.000E+00  0.000E+00  0.000E+00
     13  0.421E+03  0.704E+03  0.327E+03  0.954E+03  0.000E+00  0.000E+00  0.000E+00  0.000E+00  0.000E+00  0.000E+00  0.000E+00  0.000E+00  0.000E+00  0.000E+00
     14  0.414E+03  0.709E+03  0.326E+03  0.956E+03  0.000E+00  0.000E+00  0.000E+00  0.000E+00  0.000E+00  0.000E+00  0.000E+00  0.000E+00  0.000E+00  0.000E+00
     15  0.408E+03  0.715E+03  0.326E+03  0.958E+03  0.000E+00  0.000E+00  0.000E+00  0.000E+00  0.000E+00  0.000E+00  0.000E+00  0.000E+00  0.000E+00  0.000E+00
     16  0.402E+03  0.721E+03  0.326E+03  0.961E+03  0.000E+00  0.000E+00  0.000E+00  0.000E+00  0.000E+00  0.000E+00  0.000E+00  0.000E+00  0.000E+00  0.000E+00
     17  0.396E+03  0.727E+03  0.326E+03  0.963E+03  0.000E+00  0.000E+00  0.000E+00  0.000E+00  0.000E+00  0.000E+00  0.000E+00  0.000E+00  0.000E+00  0.000E+00
     18  0.390E+03  0.734E+03  0.326E+03  0.965E+03  0.000E+00  0.000E+00  0.000E+00  0.000E+00  0.000E+00  0.000E+00  0.000E+00  0.000E+00  0.000E+00  0.000E+00
     19  0.385E+03  0.741E+03  0.326E+03  0.967E+03  0.000E+00  0.000E+00  0.000E+00  0.000E+00  0.000E+00  0.000E+00  0.000E+00  0.000E+00  0.000E+00  0.000E+00
     20  0.380E+03  0.749E+03  0.326E+03  0.969E+03  0.000E+00  0.000E+00  0.000E+00  0.000E+00  0.000E+00  0.000E+00  0.000E+00  0.000E+00  0.000E+00  0.000E+00
 dt,beta=     50.00000000000000        1.2400000000000000E-003
 imx,jmx,kmx,ntracer=           449          433           64           10
 a,rmaj0,lx,lz=     360.0000000000000         1000.000000000000      
    916.2694269025138         1663.281695160648     
 xctr,xdim=    974.4050594780263         916.2694269025138     
 inner,outer =     516.2703460267694         1432.539772929283     
 mi,qi=    1.000000000000000         1.000000000000000     
 mm(1)=           10
      1  0.520E+03  0.675E+03  0.328E+03  0.927E+03  0.000E+00  0.000E+00  0.000E+00  0.000E+00  0.000E+00  0.000E+00  0.000E+00  0.000E+00  0.000E+00  0.000E+00
 dt,beta=     50.00000000000000        1.2400000000000000E-003
 imx,jmx,kmx,ntracer=           449          433           64           10
 a,rmaj0,lx,lz=     360.0000000000000         1000.000000000000      
    916.2694269025138         1663.281695160648     
 xctr,xdim=    974.4050594780263         916.2694269025138     
 inner,outer =     516.2703460267694         1432.539772929283     
 mi,qi=    1.000000000000000         1.000000000000000     
 mm(1)=           10
      1  0.520E+03  0.675E+03  0.328E+03  0.927E+03  0.000E+00  0.000E+00  0.000E+00  0.000E+00  0.000E+00  0.000E+00  0.000E+00  0.000E+00  0.000E+00  0.000E+00
 dt,beta=     50.00000000000000        1.2400000000000000E-003
 imx,jmx,kmx,ntracer=           449          433           64           10
 a,rmaj0,lx,lz=     360.0000000000000         1000.000000000000      
    916.2694269025138         1663.281695160648     
 xctr,xdim=    974.4050594780263         916.2694269025138     
 inner,outer =     516.2703460267694         1432.539772929283     
 mi,qi=    1.000000000000000         1.000000000000000     
 mm(1)=           10
      1  0.512E+03  0.674E+03  0.328E+03  0.929E+03  0.000E+00  0.000E+00  0.000E+00  0.000E+00  0.000E+00  0.000E+00  0.000E+00  0.000E+00  0.000E+00  0.000E+00
      2  0.503E+03  0.674E+03  0.328E+03  0.932E+03  0.000E+00  0.000E+00  0.000E+00  0.000E+00  0.000E+00  0.000E+00  0.000E+00  0.000E+00  0.000E+00  0.000E+00
      3  0.495E+03  0.675E+03  0.328E+03  0.934E+03  0.000E+00  0.000E+00  0.000E+00  0.000E+00  0.000E+00  0.000E+00  0.000E+00  0.000E+00  0.000E+00  0.000E+00
      4  0.486E+03  0.675E+03  0.328E+03  0.936E+03  0.000E+00  0.000E+00  0.000E+00  0.000E+00  0.000E+00  0.000E+00  0.000E+00  0.000E+00  0.000E+00  0.000E+00
      5  0.478E+03  0.677E+03  0.327E+03  0.938E+03  0.000E+00  0.000E+00  0.000E+00  0.000E+00  0.000E+00  0.000E+00  0.000E+00  0.000E+00  0.000E+00  0.000E+00
      6  0.471E+03  0.679E+03  0.327E+03  0.940E+03  0.000E+00  0.000E+00  0.000E+00  0.000E+00  0.000E+00  0.000E+00  0.000E+00  0.000E+00  0.000E+00  0.000E+00
      7  0.463E+03  0.681E+03  0.327E+03  0.942E+03  0.000E+00  0.000E+00  0.000E+00  0.000E+00  0.000E+00  0.000E+00  0.000E+00  0.000E+00  0.000E+00  0.000E+00
      8  0.455E+03  0.684E+03  0.327E+03  0.944E+03  0.000E+00  0.000E+00  0.000E+00  0.000E+00  0.000E+00  0.000E+00  0.000E+00  0.000E+00  0.000E+00  0.000E+00
      9  0.448E+03  0.687E+03  0.327E+03  0.946E+03  0.000E+00  0.000E+00  0.000E+00  0.000E+00  0.000E+00  0.000E+00  0.000E+00  0.000E+00  0.000E+00  0.000E+00
     10  0.441E+03  0.690E+03  0.327E+03  0.948E+03  0.000E+00  0.000E+00  0.000E+00  0.000E+00  0.000E+00  0.000E+00  0.000E+00  0.000E+00  0.000E+00  0.000E+00
     11  0.434E+03  0.694E+03  0.327E+03  0.950E+03  0.000E+00  0.000E+00  0.000E+00  0.000E+00  0.000E+00  0.000E+00  0.000E+00  0.000E+00  0.000E+00  0.000E+00
     12  0.427E+03  0.699E+03  0.327E+03  0.952E+03  0.000E+00  0.000E+00  0.000E+00  0.000E+00  0.000E+00  0.000E+00  0.000E+00  0.000E+00  0.000E+00  0.000E+00
     13  0.421E+03  0.704E+03  0.327E+03  0.954E+03  0.000E+00  0.000E+00  0.000E+00  0.000E+00  0.000E+00  0.000E+00  0.000E+00  0.000E+00  0.000E+00  0.000E+00
     14  0.414E+03  0.709E+03  0.326E+03  0.956E+03  0.000E+00  0.000E+00  0.000E+00  0.000E+00  0.000E+00  0.000E+00  0.000E+00  0.000E+00  0.000E+00  0.000E+00
     15  0.408E+03  0.715E+03  0.326E+03  0.958E+03  0.000E+00  0.000E+00  0.000E+00  0.000E+00  0.000E+00  0.000E+00  0.000E+00  0.000E+00  0.000E+00  0.000E+00
     16  0.402E+03  0.721E+03  0.326E+03  0.961E+03  0.000E+00  0.000E+00  0.000E+00  0.000E+00  0.000E+00  0.000E+00  0.000E+00  0.000E+00  0.000E+00  0.000E+00
     17  0.396E+03  0.727E+03  0.326E+03  0.963E+03  0.000E+00  0.000E+00  0.000E+00  0.000E+00  0.000E+00  0.000E+00  0.000E+00  0.000E+00  0.000E+00  0.000E+00
     18  0.390E+03  0.734E+03  0.326E+03  0.965E+03  0.000E+00  0.000E+00  0.000E+00  0.000E+00  0.000E+00  0.000E+00  0.000E+00  0.000E+00  0.000E+00  0.000E+00
     19  0.385E+03  0.741E+03  0.326E+03  0.967E+03  0.000E+00  0.000E+00  0.000E+00  0.000E+00  0.000E+00  0.000E+00  0.000E+00  0.000E+00  0.000E+00  0.000E+00
     20  0.380E+03  0.749E+03  0.326E+03  0.969E+03  0.000E+00  0.000E+00  0.000E+00  0.000E+00  0.000E+00  0.000E+00  0.000E+00  0.000E+00  0.000E+00  0.000E+00
 dt,beta=     50.00000000000000        1.2400000000000000E-003
 imx,jmx,kmx,ntracer=           449          433           64           10
 a,rmaj0,lx,lz=     360.0000000000000         1000.000000000000      
    916.2694269025138         1663.281695160648     
 xctr,xdim=    974.4050594780263         916.2694269025138     
 inner,outer =     516.2703460267694         1432.539772929283     
 mi,qi=    1.000000000000000         1.000000000000000     
 mm(1)=           10
      1  0.512E+03  0.674E+03  0.328E+03  0.929E+03  0.000E+00  0.000E+00  0.000E+00  0.000E+00  0.000E+00  0.000E+00  0.000E+00  0.000E+00  0.000E+00  0.000E+00
      2  0.503E+03  0.674E+03  0.328E+03  0.932E+03  0.000E+00  0.000E+00  0.000E+00  0.000E+00  0.000E+00  0.000E+00  0.000E+00  0.000E+00  0.000E+00  0.000E+00
      3  0.495E+03  0.675E+03  0.328E+03  0.934E+03  0.000E+00  0.000E+00  0.000E+00  0.000E+00  0.000E+00  0.000E+00  0.000E+00  0.000E+00  0.000E+00  0.000E+00
      4  0.486E+03  0.675E+03  0.328E+03  0.936E+03  0.000E+00  0.000E+00  0.000E+00  0.000E+00  0.000E+00  0.000E+00  0.000E+00  0.000E+00  0.000E+00  0.000E+00
      5  0.478E+03  0.677E+03  0.327E+03  0.938E+03  0.000E+00  0.000E+00  0.000E+00  0.000E+00  0.000E+00  0.000E+00  0.000E+00  0.000E+00  0.000E+00  0.000E+00
      6  0.471E+03  0.679E+03  0.327E+03  0.940E+03  0.000E+00  0.000E+00  0.000E+00  0.000E+00  0.000E+00  0.000E+00  0.000E+00  0.000E+00  0.000E+00  0.000E+00
      7  0.463E+03  0.681E+03  0.327E+03  0.942E+03  0.000E+00  0.000E+00  0.000E+00  0.000E+00  0.000E+00  0.000E+00  0.000E+00  0.000E+00  0.000E+00  0.000E+00
      8  0.455E+03  0.684E+03  0.327E+03  0.944E+03  0.000E+00  0.000E+00  0.000E+00  0.000E+00  0.000E+00  0.000E+00  0.000E+00  0.000E+00  0.000E+00  0.000E+00
      9  0.448E+03  0.687E+03  0.327E+03  0.946E+03  0.000E+00  0.000E+00  0.000E+00  0.000E+00  0.000E+00  0.000E+00  0.000E+00  0.000E+00  0.000E+00  0.000E+00
     10  0.441E+03  0.690E+03  0.327E+03  0.948E+03  0.000E+00  0.000E+00  0.000E+00  0.000E+00  0.000E+00  0.000E+00  0.000E+00  0.000E+00  0.000E+00  0.000E+00
     11  0.434E+03  0.694E+03  0.327E+03  0.950E+03  0.000E+00  0.000E+00  0.000E+00  0.000E+00  0.000E+00  0.000E+00  0.000E+00  0.000E+00  0.000E+00  0.000E+00
     12  0.427E+03  0.699E+03  0.327E+03  0.952E+03  0.000E+00  0.000E+00  0.000E+00  0.000E+00  0.000E+00  0.000E+00  0.000E+00  0.000E+00  0.000E+00  0.000E+00
     13  0.421E+03  0.704E+03  0.327E+03  0.954E+03  0.000E+00  0.000E+00  0.000E+00  0.000E+00  0.000E+00  0.000E+00  0.000E+00  0.000E+00  0.000E+00  0.000E+00
     14  0.414E+03  0.709E+03  0.326E+03  0.956E+03  0.000E+00  0.000E+00  0.000E+00  0.000E+00  0.000E+00  0.000E+00  0.000E+00  0.000E+00  0.000E+00  0.000E+00
     15  0.408E+03  0.715E+03  0.326E+03  0.958E+03  0.000E+00  0.000E+00  0.000E+00  0.000E+00  0.000E+00  0.000E+00  0.000E+00  0.000E+00  0.000E+00  0.000E+00
     16  0.402E+03  0.721E+03  0.326E+03  0.961E+03  0.000E+00  0.000E+00  0.000E+00  0.000E+00  0.000E+00  0.000E+00  0.000E+00  0.000E+00  0.000E+00  0.000E+00
     17  0.396E+03  0.727E+03  0.326E+03  0.963E+03  0.000E+00  0.000E+00  0.000E+00  0.000E+00  0.000E+00  0.000E+00  0.000E+00  0.000E+00  0.000E+00  0.000E+00
     18  0.390E+03  0.734E+03  0.326E+03  0.965E+03  0.000E+00  0.000E+00  0.000E+00  0.000E+00  0.000E+00  0.000E+00  0.000E+00  0.000E+00  0.000E+00  0.000E+00
     19  0.385E+03  0.741E+03  0.326E+03  0.967E+03  0.000E+00  0.000E+00  0.000E+00  0.000E+00  0.000E+00  0.000E+00  0.000E+00  0.000E+00  0.000E+00  0.000E+00
     20  0.380E+03  0.749E+03  0.326E+03  0.969E+03  0.000E+00  0.000E+00  0.000E+00  0.000E+00  0.000E+00  0.000E+00  0.000E+00  0.000E+00  0.000E+00  0.000E+00
 dt,beta=     50.00000000000000        1.2400000000000000E-003
 imx,jmx,kmx,ntracer=           449          433           64           10
 a,rmaj0,lx,lz=     360.0000000000000         1000.000000000000      
    916.2694269025138         1663.281695160648     
 xctr,xdim=    974.4050594780263         916.2694269025138     
 inner,outer =     516.2703460267694         1432.539772929283     
 mi,qi=    1.000000000000000         1.000000000000000     
 mm(1)=           10
      1  0.512E+03  0.674E+03  0.328E+03  0.929E+03  0.000E+00  0.000E+00  0.000E+00  0.000E+00  0.000E+00  0.000E+00  0.000E+00  0.000E+00  0.000E+00  0.000E+00
      2  0.503E+03  0.674E+03  0.328E+03  0.932E+03  0.000E+00  0.000E+00  0.000E+00  0.000E+00  0.000E+00  0.000E+00  0.000E+00  0.000E+00  0.000E+00  0.000E+00
      3  0.495E+03  0.675E+03  0.328E+03  0.934E+03  0.000E+00  0.000E+00  0.000E+00  0.000E+00  0.000E+00  0.000E+00  0.000E+00  0.000E+00  0.000E+00  0.000E+00
      4  0.486E+03  0.675E+03  0.328E+03  0.936E+03  0.000E+00  0.000E+00  0.000E+00  0.000E+00  0.000E+00  0.000E+00  0.000E+00  0.000E+00  0.000E+00  0.000E+00
      5  0.478E+03  0.677E+03  0.327E+03  0.938E+03  0.000E+00  0.000E+00  0.000E+00  0.000E+00  0.000E+00  0.000E+00  0.000E+00  0.000E+00  0.000E+00  0.000E+00
      6  0.471E+03  0.679E+03  0.327E+03  0.940E+03  0.000E+00  0.000E+00  0.000E+00  0.000E+00  0.000E+00  0.000E+00  0.000E+00  0.000E+00  0.000E+00  0.000E+00
      7  0.463E+03  0.681E+03  0.327E+03  0.942E+03  0.000E+00  0.000E+00  0.000E+00  0.000E+00  0.000E+00  0.000E+00  0.000E+00  0.000E+00  0.000E+00  0.000E+00
      8  0.455E+03  0.684E+03  0.327E+03  0.944E+03  0.000E+00  0.000E+00  0.000E+00  0.000E+00  0.000E+00  0.000E+00  0.000E+00  0.000E+00  0.000E+00  0.000E+00
      9  0.448E+03  0.687E+03  0.327E+03  0.946E+03  0.000E+00  0.000E+00  0.000E+00  0.000E+00  0.000E+00  0.000E+00  0.000E+00  0.000E+00  0.000E+00  0.000E+00
     10  0.441E+03  0.690E+03  0.327E+03  0.948E+03  0.000E+00  0.000E+00  0.000E+00  0.000E+00  0.000E+00  0.000E+00  0.000E+00  0.000E+00  0.000E+00  0.000E+00
     11  0.434E+03  0.694E+03  0.327E+03  0.950E+03  0.000E+00  0.000E+00  0.000E+00  0.000E+00  0.000E+00  0.000E+00  0.000E+00  0.000E+00  0.000E+00  0.000E+00
     12  0.427E+03  0.699E+03  0.327E+03  0.952E+03  0.000E+00  0.000E+00  0.000E+00  0.000E+00  0.000E+00  0.000E+00  0.000E+00  0.000E+00  0.000E+00  0.000E+00
     13  0.421E+03  0.704E+03  0.327E+03  0.954E+03  0.000E+00  0.000E+00  0.000E+00  0.000E+00  0.000E+00  0.000E+00  0.000E+00  0.000E+00  0.000E+00  0.000E+00
     14  0.414E+03  0.709E+03  0.326E+03  0.956E+03  0.000E+00  0.000E+00  0.000E+00  0.000E+00  0.000E+00  0.000E+00  0.000E+00  0.000E+00  0.000E+00  0.000E+00
     15  0.408E+03  0.715E+03  0.326E+03  0.958E+03  0.000E+00  0.000E+00  0.000E+00  0.000E+00  0.000E+00  0.000E+00  0.000E+00  0.000E+00  0.000E+00  0.000E+00
     16  0.402E+03  0.721E+03  0.326E+03  0.961E+03  0.000E+00  0.000E+00  0.000E+00  0.000E+00  0.000E+00  0.000E+00  0.000E+00  0.000E+00  0.000E+00  0.000E+00
     17  0.396E+03  0.727E+03  0.326E+03  0.963E+03  0.000E+00  0.000E+00  0.000E+00  0.000E+00  0.000E+00  0.000E+00  0.000E+00  0.000E+00  0.000E+00  0.000E+00
     18  0.390E+03  0.734E+03  0.326E+03  0.965E+03  0.000E+00  0.000E+00  0.000E+00  0.000E+00  0.000E+00  0.000E+00  0.000E+00  0.000E+00  0.000E+00  0.000E+00
     19  0.385E+03  0.741E+03  0.326E+03  0.967E+03  0.000E+00  0.000E+00  0.000E+00  0.000E+00  0.000E+00  0.000E+00  0.000E+00  0.000E+00  0.000E+00  0.000E+00
     20  0.380E+03  0.749E+03  0.326E+03  0.969E+03  0.000E+00  0.000E+00  0.000E+00  0.000E+00  0.000E+00  0.000E+00  0.000E+00  0.000E+00  0.000E+00  0.000E+00
 dt,beta=     50.00000000000000        1.2400000000000000E-003
 imx,jmx,kmx,ntracer=           449          433           64           10
 a,rmaj0,lx,lz=     360.0000000000000         1000.000000000000      
    916.2694269025138         1663.281695160648     
 xctr,xdim=    974.4050594780263         916.2694269025138     
 inner,outer =     516.2703460267694         1432.539772929283     
 mi,qi=    1.000000000000000         1.000000000000000     
 mm(1)=           10
      1  0.512E+03  0.674E+03  0.328E+03  0.929E+03  0.000E+00  0.000E+00  0.000E+00  0.000E+00  0.000E+00  0.000E+00  0.000E+00  0.000E+00  0.000E+00  0.000E+00
      2  0.503E+03  0.674E+03  0.328E+03  0.932E+03  0.000E+00  0.000E+00  0.000E+00  0.000E+00  0.000E+00  0.000E+00  0.000E+00  0.000E+00  0.000E+00  0.000E+00
      3  0.495E+03  0.675E+03  0.328E+03  0.934E+03  0.000E+00  0.000E+00  0.000E+00  0.000E+00  0.000E+00  0.000E+00  0.000E+00  0.000E+00  0.000E+00  0.000E+00
      4  0.486E+03  0.675E+03  0.328E+03  0.936E+03  0.000E+00  0.000E+00  0.000E+00  0.000E+00  0.000E+00  0.000E+00  0.000E+00  0.000E+00  0.000E+00  0.000E+00
      5  0.478E+03  0.677E+03  0.327E+03  0.938E+03  0.000E+00  0.000E+00  0.000E+00  0.000E+00  0.000E+00  0.000E+00  0.000E+00  0.000E+00  0.000E+00  0.000E+00
      6  0.471E+03  0.679E+03  0.327E+03  0.940E+03  0.000E+00  0.000E+00  0.000E+00  0.000E+00  0.000E+00  0.000E+00  0.000E+00  0.000E+00  0.000E+00  0.000E+00
      7  0.463E+03  0.681E+03  0.327E+03  0.942E+03  0.000E+00  0.000E+00  0.000E+00  0.000E+00  0.000E+00  0.000E+00  0.000E+00  0.000E+00  0.000E+00  0.000E+00
      8  0.455E+03  0.684E+03  0.327E+03  0.944E+03  0.000E+00  0.000E+00  0.000E+00  0.000E+00  0.000E+00  0.000E+00  0.000E+00  0.000E+00  0.000E+00  0.000E+00
      9  0.448E+03  0.687E+03  0.327E+03  0.946E+03  0.000E+00  0.000E+00  0.000E+00  0.000E+00  0.000E+00  0.000E+00  0.000E+00  0.000E+00  0.000E+00  0.000E+00
     10  0.441E+03  0.690E+03  0.327E+03  0.948E+03  0.000E+00  0.000E+00  0.000E+00  0.000E+00  0.000E+00  0.000E+00  0.000E+00  0.000E+00  0.000E+00  0.000E+00
     11  0.434E+03  0.694E+03  0.327E+03  0.950E+03  0.000E+00  0.000E+00  0.000E+00  0.000E+00  0.000E+00  0.000E+00  0.000E+00  0.000E+00  0.000E+00  0.000E+00
     12  0.427E+03  0.699E+03  0.327E+03  0.952E+03  0.000E+00  0.000E+00  0.000E+00  0.000E+00  0.000E+00  0.000E+00  0.000E+00  0.000E+00  0.000E+00  0.000E+00
     13  0.421E+03  0.704E+03  0.327E+03  0.954E+03  0.000E+00  0.000E+00  0.000E+00  0.000E+00  0.000E+00  0.000E+00  0.000E+00  0.000E+00  0.000E+00  0.000E+00
     14  0.414E+03  0.709E+03  0.326E+03  0.956E+03  0.000E+00  0.000E+00  0.000E+00  0.000E+00  0.000E+00  0.000E+00  0.000E+00  0.000E+00  0.000E+00  0.000E+00
     15  0.408E+03  0.715E+03  0.326E+03  0.958E+03  0.000E+00  0.000E+00  0.000E+00  0.000E+00  0.000E+00  0.000E+00  0.000E+00  0.000E+00  0.000E+00  0.000E+00
     16  0.402E+03  0.721E+03  0.326E+03  0.961E+03  0.000E+00  0.000E+00  0.000E+00  0.000E+00  0.000E+00  0.000E+00  0.000E+00  0.000E+00  0.000E+00  0.000E+00
     17  0.396E+03  0.727E+03  0.326E+03  0.963E+03  0.000E+00  0.000E+00  0.000E+00  0.000E+00  0.000E+00  0.000E+00  0.000E+00  0.000E+00  0.000E+00  0.000E+00
     18  0.390E+03  0.734E+03  0.326E+03  0.965E+03  0.000E+00  0.000E+00  0.000E+00  0.000E+00  0.000E+00  0.000E+00  0.000E+00  0.000E+00  0.000E+00  0.000E+00
     19  0.385E+03  0.741E+03  0.326E+03  0.967E+03  0.000E+00  0.000E+00  0.000E+00  0.000E+00  0.000E+00  0.000E+00  0.000E+00  0.000E+00  0.000E+00  0.000E+00
     20  0.380E+03  0.749E+03  0.326E+03  0.969E+03  0.000E+00  0.000E+00  0.000E+00  0.000E+00  0.000E+00  0.000E+00  0.000E+00  0.000E+00  0.000E+00  0.000E+00
 dt,beta=     50.00000000000000        1.2400000000000000E-003
 imx,jmx,kmx,ntracer=           449          433           64           10
 a,rmaj0,lx,lz=     360.0000000000000         1000.000000000000      
    916.2694269025138         1663.281695160648     
 xctr,xdim=    974.4050594780263         916.2694269025138     
 inner,outer =     516.2703460267694         1432.539772929283     
 mi,qi=    1.000000000000000         1.000000000000000     
 mm(1)=           10
      1  0.512E+03  0.674E+03  0.328E+03  0.929E+03  0.000E+00  0.000E+00  0.000E+00  0.000E+00  0.000E+00  0.000E+00  0.000E+00  0.000E+00  0.000E+00  0.000E+00
      2  0.503E+03  0.674E+03  0.328E+03  0.932E+03  0.000E+00  0.000E+00  0.000E+00  0.000E+00  0.000E+00  0.000E+00  0.000E+00  0.000E+00  0.000E+00  0.000E+00
      3  0.495E+03  0.675E+03  0.328E+03  0.934E+03  0.000E+00  0.000E+00  0.000E+00  0.000E+00  0.000E+00  0.000E+00  0.000E+00  0.000E+00  0.000E+00  0.000E+00
      4  0.486E+03  0.675E+03  0.328E+03  0.936E+03  0.000E+00  0.000E+00  0.000E+00  0.000E+00  0.000E+00  0.000E+00  0.000E+00  0.000E+00  0.000E+00  0.000E+00
      5  0.478E+03  0.677E+03  0.327E+03  0.938E+03  0.000E+00  0.000E+00  0.000E+00  0.000E+00  0.000E+00  0.000E+00  0.000E+00  0.000E+00  0.000E+00  0.000E+00
      6  0.471E+03  0.679E+03  0.327E+03  0.940E+03  0.000E+00  0.000E+00  0.000E+00  0.000E+00  0.000E+00  0.000E+00  0.000E+00  0.000E+00  0.000E+00  0.000E+00
      7  0.463E+03  0.681E+03  0.327E+03  0.942E+03  0.000E+00  0.000E+00  0.000E+00  0.000E+00  0.000E+00  0.000E+00  0.000E+00  0.000E+00  0.000E+00  0.000E+00
      8  0.455E+03  0.684E+03  0.327E+03  0.944E+03  0.000E+00  0.000E+00  0.000E+00  0.000E+00  0.000E+00  0.000E+00  0.000E+00  0.000E+00  0.000E+00  0.000E+00
      9  0.448E+03  0.687E+03  0.327E+03  0.946E+03  0.000E+00  0.000E+00  0.000E+00  0.000E+00  0.000E+00  0.000E+00  0.000E+00  0.000E+00  0.000E+00  0.000E+00
     10  0.441E+03  0.690E+03  0.327E+03  0.948E+03  0.000E+00  0.000E+00  0.000E+00  0.000E+00  0.000E+00  0.000E+00  0.000E+00  0.000E+00  0.000E+00  0.000E+00
     11  0.434E+03  0.694E+03  0.327E+03  0.950E+03  0.000E+00  0.000E+00  0.000E+00  0.000E+00  0.000E+00  0.000E+00  0.000E+00  0.000E+00  0.000E+00  0.000E+00
     12  0.427E+03  0.699E+03  0.327E+03  0.952E+03  0.000E+00  0.000E+00  0.000E+00  0.000E+00  0.000E+00  0.000E+00  0.000E+00  0.000E+00  0.000E+00  0.000E+00
     13  0.421E+03  0.704E+03  0.327E+03  0.954E+03  0.000E+00  0.000E+00  0.000E+00  0.000E+00  0.000E+00  0.000E+00  0.000E+00  0.000E+00  0.000E+00  0.000E+00
     14  0.414E+03  0.709E+03  0.326E+03  0.956E+03  0.000E+00  0.000E+00  0.000E+00  0.000E+00  0.000E+00  0.000E+00  0.000E+00  0.000E+00  0.000E+00  0.000E+00
     15  0.408E+03  0.715E+03  0.326E+03  0.958E+03  0.000E+00  0.000E+00  0.000E+00  0.000E+00  0.000E+00  0.000E+00  0.000E+00  0.000E+00  0.000E+00  0.000E+00
     16  0.402E+03  0.721E+03  0.326E+03  0.961E+03  0.000E+00  0.000E+00  0.000E+00  0.000E+00  0.000E+00  0.000E+00  0.000E+00  0.000E+00  0.000E+00  0.000E+00
     17  0.396E+03  0.727E+03  0.326E+03  0.963E+03  0.000E+00  0.000E+00  0.000E+00  0.000E+00  0.000E+00  0.000E+00  0.000E+00  0.000E+00  0.000E+00  0.000E+00
     18  0.390E+03  0.734E+03  0.326E+03  0.965E+03  0.000E+00  0.000E+00  0.000E+00  0.000E+00  0.000E+00  0.000E+00  0.000E+00  0.000E+00  0.000E+00  0.000E+00
     19  0.385E+03  0.741E+03  0.326E+03  0.967E+03  0.000E+00  0.000E+00  0.000E+00  0.000E+00  0.000E+00  0.000E+00  0.000E+00  0.000E+00  0.000E+00  0.000E+00
     20  0.380E+03  0.749E+03  0.326E+03  0.969E+03  0.000E+00  0.000E+00  0.000E+00  0.000E+00  0.000E+00  0.000E+00  0.000E+00  0.000E+00  0.000E+00  0.000E+00
 dt,beta=     50.00000000000000        1.2400000000000000E-003
 imx,jmx,kmx,ntracer=           449          433           64           10
 a,rmaj0,lx,lz=     360.0000000000000         1000.000000000000      
    916.2694269025138         1663.281695160648     
 xctr,xdim=    974.4050594780263         916.2694269025138     
 inner,outer =     516.2703460267694         1432.539772929283     
 mi,qi=    1.000000000000000         1.000000000000000     
 mm(1)=           10
      1  0.520E+03  0.675E+03  0.328E+03  0.927E+03  0.000E+00  0.000E+00  0.000E+00  0.000E+00  0.000E+00  0.000E+00  0.000E+00  0.000E+00  0.000E+00  0.000E+00
